   447
    320.0   0.58584   0.04568
    325.0   0.63629   0.03684
    330.0   0.67138   0.03020
    335.0   0.70036   0.02552
    340.0   0.72680   0.02160
    345.0   0.74057   0.01866
    350.0   0.75668   0.01631
    355.0   0.76882   0.01402
    360.0   0.77986   0.01277
    365.0   0.78649   0.01246
    370.0   0.79064   0.01043
    375.0   0.79033   0.01010
    380.0   0.78183   0.01008
    385.0   0.78859   0.01034
    390.0   0.79623   0.01059
    395.0   0.80807   0.01201
    400.0   0.81848   0.00908
    405.0   0.82290   0.00828
    410.0   0.82642   0.00869
    415.0   0.82553   0.00868
    420.0   0.82720   0.00844
    425.0   0.83021   0.00814
    430.0   0.83446   0.00814
    435.0   0.83752   0.00828
    440.0   0.83929   0.00872
    445.0   0.84116   0.00878
    450.0   0.84358   0.00868
    455.0   0.84776   0.00852
    460.0   0.85059   0.00808
    465.0   0.85586   0.00874
    470.0   0.85612   0.00842
    475.0   0.86024   0.00818
    480.0   0.85998   0.00837
    485.0   0.86340   0.00886
    490.0   0.86443   0.00831
    495.0   0.86657   0.00882
    500.0   0.86779   0.00830
    505.0   0.86894   0.00834
    510.0   0.86999   0.00777
    515.0   0.87247   0.00847
    520.0   0.87423   0.00819
    525.0   0.87621   0.00909
    530.0   0.87746   0.00881
    535.0   0.87862   0.00825
    540.0   0.87956   0.00856
    545.0   0.88187   0.00808
    550.0   0.88180   0.00905
    555.0   0.88278   0.00892
    560.0   0.88343   0.00911
    565.0   0.88368   0.00913
    570.0   0.88724   0.00858
    575.0   0.88811   0.00932
    580.0   0.88672   0.00885
    585.0   0.88882   0.00825
    590.0   0.88890   0.00859
    595.0   0.88880   0.00866
    600.0   0.89140   0.00928
    605.0   0.89242   0.00885
    610.0   0.89120   0.00932
    615.0   0.89136   0.00875
    620.0   0.89234   0.00791
    625.0   0.89396   0.00868
    630.0   0.89449   0.00915
    635.0   0.89559   0.00846
    640.0   0.89519   0.00902
    645.0   0.89684   0.00867
    650.0   0.89679   0.00873
    655.0   0.89796   0.00879
    660.0   0.89705   0.00884
    665.0   0.89885   0.00896
    670.0   0.90003   0.00872
    675.0   0.90057   0.00930
    680.0   0.90045   0.00825
    685.0   0.90161   0.00822
    690.0   0.90205   0.00859
    695.0   0.90192   0.00896
    700.0   0.90227   0.00863
    705.0   0.90327   0.00881
    710.0   0.90445   0.00881
    715.0   0.90427   0.00938
    720.0   0.90497   0.00943
    725.0   0.90258   0.00910
    730.0   0.90448   0.00886
    735.0   0.90334   0.00931
    740.0   0.90504   0.00891
    745.0   0.90433   0.00898
    750.0   0.90589   0.00935
    755.0   0.90349   0.00975
    760.0   0.90510   0.00936
    765.0   0.90471   0.00914
    770.0   0.90580   0.00826
    775.0   0.90501   0.00926
    780.0   0.90445   0.00908
    785.0   0.90622   0.00964
    790.0   0.90496   0.00848
    795.0   0.90596   0.00886
    800.0   0.90456   0.00970
    805.0   0.90608   0.00963
    810.0   0.90489   0.00976
    815.0   0.90381   0.00955
    820.0   0.90441   0.00965
    825.0   0.90355   0.01019
    830.0   0.90245   0.00937
    835.0   0.90139   0.00989
    840.0   0.90293   0.00980
    845.0   0.90252   0.00912
    850.0   0.90127   0.00909
    855.0   0.90184   0.00929
    860.0   0.90061   0.00930
    865.0   0.90146   0.00947
    870.0   0.90102   0.00972
    875.0   0.90112   0.00917
    880.0   0.89931   0.00832
    885.0   0.89970   0.00896
    890.0   0.89780   0.00853
    895.0   0.89712   0.00872
    900.0   0.89615   0.00893
    905.0   0.89704   0.00847
    910.0   0.89366   0.00933
    915.0   0.89383   0.00886
    920.0   0.89258   0.00850
    925.0   0.89175   0.00809
    930.0   0.89132   0.00841
    935.0   0.88991   0.00832
    940.0   0.88931   0.00865
    945.0   0.88820   0.00856
    950.0   0.88796   0.00823
    955.0   0.88743   0.00815
    960.0   0.88772   0.00882
    965.0   0.88582   0.00831
    970.0   0.88472   0.00793
    975.0   0.88195   0.00891
    980.0   0.88347   0.00827
    985.0   0.88097   0.00871
    990.0   0.87960   0.00869
    995.0   0.87836   0.00822
   1000.0   0.87817   0.00840
   1005.0   0.87665   0.00824
   1010.0   0.87496   0.00891
   1015.0   0.87444   0.00808
   1020.0   0.87254   0.00831
   1025.0   0.87275   0.00855
   1030.0   0.86979   0.00869
   1035.0   0.87003   0.00819
   1040.0   0.86780   0.00859
   1045.0   0.86788   0.00790
   1050.0   0.86518   0.00825
   1055.0   0.86512   0.00863
   1060.0   0.86293   0.00819
   1065.0   0.86192   0.00780
   1070.0   0.86082   0.00817
   1075.0   0.85853   0.00805
   1080.0   0.85768   0.00792
   1085.0   0.85682   0.00815
   1090.0   0.85528   0.00831
   1095.0   0.85355   0.00859
   1100.0   0.85363   0.00888
   1105.0   0.85212   0.00815
   1110.0   0.85102   0.00835
   1115.0   0.84994   0.00830
   1120.0   0.84884   0.00834
   1125.0   0.84704   0.00782
   1130.0   0.84646   0.00809
   1135.0   0.84464   0.00782
   1140.0   0.84468   0.00815
   1145.0   0.84266   0.00761
   1150.0   0.84181   0.00787
   1155.0   0.84118   0.00754
   1160.0   0.84063   0.00842
   1165.0   0.84004   0.00799
   1170.0   0.83891   0.00800
   1175.0   0.83855   0.00761
   1180.0   0.83763   0.00824
   1185.0   0.83680   0.00814
   1190.0   0.83557   0.00821
   1195.0   0.83530   0.00803
   1200.0   0.83460   0.00781
   1205.0   0.83298   0.00794
   1210.0   0.83175   0.00771
   1215.0   0.83197   0.00771
   1220.0   0.83182   0.00786
   1225.0   0.83057   0.00781
   1230.0   0.83075   0.00797
   1235.0   0.82973   0.00791
   1240.0   0.82955   0.00777
   1245.0   0.82935   0.00752
   1250.0   0.82884   0.00794
   1255.0   0.82862   0.00817
   1260.0   0.82909   0.00753
   1265.0   0.82823   0.00784
   1270.0   0.82876   0.00769
   1275.0   0.82854   0.00765
   1280.0   0.82818   0.00772
   1285.0   0.82823   0.00786
   1290.0   0.82806   0.00758
   1295.0   0.82850   0.00773
   1300.0   0.82862   0.00757
   1305.0   0.82894   0.00724
   1310.0   0.82887   0.00753
   1315.0   0.82921   0.00768
   1320.0   0.82932   0.00711
   1325.0   0.83031   0.00743
   1330.0   0.83066   0.00771
   1335.0   0.83101   0.00764
   1340.0   0.83100   0.00736
   1345.0   0.83178   0.00748
   1350.0   0.83154   0.00756
   1355.0   0.83118   0.00746
   1360.0   0.83187   0.00747
   1365.0   0.83421   0.00737
   1370.0   0.83496   0.00779
   1375.0   0.83540   0.00752
   1380.0   0.83337   0.00748
   1385.0   0.83851   0.00742
   1390.0   0.83783   0.00769
   1395.0   0.83687   0.00748
   1400.0   0.83697   0.00759
   1405.0   0.83866   0.00780
   1410.0   0.84065   0.00765
   1415.0   0.84028   0.00770
   1420.0   0.84114   0.00741
   1425.0   0.84269   0.00736
   1430.0   0.84359   0.00751
   1435.0   0.84428   0.00742
   1440.0   0.84555   0.00754
   1445.0   0.84595   0.00755
   1450.0   0.84699   0.00772
   1455.0   0.84886   0.00767
   1460.0   0.84897   0.00801
   1465.0   0.84994   0.00826
   1470.0   0.85046   0.00818
   1475.0   0.85157   0.00833
   1480.0   0.85277   0.00796
   1485.0   0.85305   0.00872
   1490.0   0.85456   0.00750
   1495.0   0.85471   0.00762
   1500.0   0.85554   0.00762
   1505.0   0.85737   0.00711
   1510.0   0.85772   0.00747
   1515.0   0.85887   0.00781
   1520.0   0.85909   0.00781
   1525.0   0.86015   0.00752
   1530.0   0.86057   0.00803
   1535.0   0.86190   0.00756
   1540.0   0.86316   0.00771
   1545.0   0.86351   0.00764
   1550.0   0.86378   0.00797
   1555.0   0.86507   0.00804
   1560.0   0.86583   0.00803
   1565.0   0.86590   0.00812
   1570.0   0.86712   0.00785
   1575.0   0.86778   0.00802
   1580.0   0.86816   0.00754
   1585.0   0.86917   0.00766
   1590.0   0.86963   0.00799
   1595.0   0.86997   0.00763
   1600.0   0.87042   0.00784
   1605.0   0.87138   0.00752
   1610.0   0.87178   0.00745
   1615.0   0.87219   0.00765
   1620.0   0.87275   0.00754
   1625.0   0.87345   0.00750
   1630.0   0.87297   0.00758
   1635.0   0.87317   0.00752
   1640.0   0.87411   0.00775
   1645.0   0.87403   0.00795
   1650.0   0.87423   0.00701
   1655.0   0.87520   0.00735
   1660.0   0.87526   0.00751
   1665.0   0.87781   0.00775
   1670.0   0.87788   0.00807
   1675.0   0.87799   0.00784
   1680.0   0.87864   0.00786
   1685.0   0.87867   0.00764
   1690.0   0.87887   0.00783
   1695.0   0.87834   0.00754
   1700.0   0.87996   0.00841
   1705.0   0.88006   0.00860
   1710.0   0.87939   0.00837
   1715.0   0.87972   0.00867
   1720.0   0.87945   0.00843
   1725.0   0.88008   0.00855
   1730.0   0.87985   0.00842
   1735.0   0.88032   0.00866
   1740.0   0.88047   0.00874
   1745.0   0.88106   0.00863
   1750.0   0.88128   0.00829
   1755.0   0.88201   0.00906
   1760.0   0.88133   0.00929
   1765.0   0.88046   0.00879
   1770.0   0.88133   0.00979
   1775.0   0.88128   0.00976
   1780.0   0.88200   0.00978
   1785.0   0.88179   0.00991
   1790.0   0.88245   0.00952
   1795.0   0.88242   0.00965
   1800.0   0.88298   0.00886
   1805.0   0.88325   0.00906
   1810.0   0.88263   0.00926
   1815.0   0.88223   0.00932
   1820.0   0.88245   0.00902
   1825.0   0.88380   0.00937
   1830.0   0.88288   0.00887
   1835.0   0.88263   0.00911
   1840.0   0.88188   0.00948
   1845.0   0.88480   0.00918
   1850.0   0.88457   0.00944
   1855.0   0.88526   0.00897
   1860.0   0.88503   0.00919
   1865.0   0.88508   0.00868
   1870.0   0.88586   0.01022
   1875.0   0.88566   0.00959
   1880.0   0.88545   0.00966
   1885.0   0.88590   0.00975
   1890.0   0.88428   0.00940
   1895.0   0.88333   0.00876
   1900.0   0.88340   0.00940
   1905.0   0.88343   0.00982
   1910.0   0.88397   0.00929
   1915.0   0.88405   0.00931
   1920.0   0.88335   0.00881
   1925.0   0.88554   0.00908
   1930.0   0.88354   0.00950
   1935.0   0.88465   0.00955
   1940.0   0.88418   0.00961
   1945.0   0.88377   0.00958
   1950.0   0.88381   0.00933
   1955.0   0.88405   0.00961
   1960.0   0.88375   0.00994
   1965.0   0.88375   0.01024
   1970.0   0.88374   0.00951
   1975.0   0.88425   0.01018
   1980.0   0.88386   0.01010
   1985.0   0.88344   0.01011
   1990.0   0.88321   0.00912
   1995.0   0.88324   0.00936
   2000.0   0.88377   0.00972
   2005.0   0.88153   0.00963
   2010.0   0.88426   0.00917
   2015.0   0.88374   0.00946
   2020.0   0.88370   0.01000
   2025.0   0.88312   0.00982
   2030.0   0.88366   0.00946
   2035.0   0.88310   0.00961
   2040.0   0.88350   0.00963
   2045.0   0.88350   0.00969
   2050.0   0.88326   0.00986
   2055.0   0.88295   0.00986
   2060.0   0.88261   0.00945
   2065.0   0.88315   0.00944
   2070.0   0.88259   0.00908
   2075.0   0.88316   0.00962
   2080.0   0.88213   0.00958
   2085.0   0.88277   0.01007
   2090.0   0.88303   0.00983
   2095.0   0.88298   0.00995
   2100.0   0.88323   0.00967
   2105.0   0.88324   0.00988
   2110.0   0.88289   0.00995
   2115.0   0.88351   0.00957
   2120.0   0.88345   0.00962
   2125.0   0.88400   0.01004
   2130.0   0.88382   0.00912
   2135.0   0.88416   0.00932
   2140.0   0.88325   0.01005
   2145.0   0.88344   0.00941
   2150.0   0.88400   0.00985
   2155.0   0.88484   0.00986
   2160.0   0.88381   0.00991
   2165.0   0.88298   0.01027
   2170.0   0.88358   0.00940
   2175.0   0.88362   0.00943
   2180.0   0.88425   0.00981
   2185.0   0.88445   0.00908
   2190.0   0.88481   0.00918
   2195.0   0.88417   0.00927
   2200.0   0.88455   0.00925
   2205.0   0.88564   0.00920
   2210.0   0.88524   0.00906
   2215.0   0.88523   0.00919
   2220.0   0.88530   0.00908
   2225.0   0.88617   0.00925
   2230.0   0.88546   0.00933
   2235.0   0.88665   0.00897
   2240.0   0.88657   0.00919
   2245.0   0.88614   0.00914
   2250.0   0.88640   0.00928
   2255.0   0.88707   0.00935
   2260.0   0.88836   0.00973
   2265.0   0.88623   0.00917
   2270.0   0.88904   0.00937
   2275.0   0.88683   0.00949
   2280.0   0.88745   0.00962
   2285.0   0.88550   0.00949
   2290.0   0.88782   0.00912
   2295.0   0.88611   0.00870
   2300.0   0.88756   0.00882
   2305.0   0.88491   0.00926
   2310.0   0.88587   0.00962
   2315.0   0.88464   0.00901
   2320.0   0.88710   0.01009
   2325.0   0.88804   0.00916
   2330.0   0.88715   0.00928
   2335.0   0.88866   0.00901
   2340.0   0.88811   0.00862
   2345.0   0.88726   0.00912
   2350.0   0.88587   0.00930
   2355.0   0.88696   0.00925
   2360.0   0.88676   0.00892
   2365.0   0.88689   0.00878
   2370.0   0.88541   0.00894
   2375.0   0.88723   0.00900
   2380.0   0.88699   0.00877
   2385.0   0.88705   0.00885
   2390.0   0.88599   0.00856
   2395.0   0.88627   0.00901
   2400.0   0.88735   0.00867
   2405.0   0.88695   0.00849
   2410.0   0.88640   0.00912
   2415.0   0.88671   0.00953
   2420.0   0.88629   0.00861
   2425.0   0.88754   0.00914
   2430.0   0.88737   0.00983
   2435.0   0.88797   0.00964
   2440.0   0.88785   0.00949
   2445.0   0.88779   0.00880
   2450.0   0.88661   0.00930
   2455.0   0.88606   0.00907
   2460.0   0.88712   0.00968
   2465.0   0.88757   0.00969
   2470.0   0.88644   0.00915
   2475.0   0.88595   0.00892
   2480.0   0.88584   0.00865
   2485.0   0.88491   0.00905
   2490.0   0.88521   0.00949
   2495.0   0.88496   0.00955
   2500.0   0.88489   0.00924
   2505.0   0.88363   0.00885
   2510.0   0.88485   0.00874
   2515.0   0.88310   0.00951
   2520.0   0.88481   0.00929
   2525.0   0.88256   0.00909
   2530.0   0.88153   0.00983
   2535.0   0.88071   0.01007
   2540.0   0.88396   0.00928
   2545.0   0.87942   0.01008
   2550.0   0.88157   0.00962
