    300.0   0.06980   0.07440
    305.0   0.07285   0.05007
    310.0   0.07635   0.03620
    315.0   0.07982   0.02709
    320.0   0.08246   0.02138
    325.0   0.08667   0.01712
    330.0   0.09002   0.01403
    335.0   0.09535   0.01183
    340.0   0.10125   0.00970
    345.0   0.10618   0.00834
    350.0   0.11239   0.00708
    355.0   0.11861   0.00604
    360.0   0.12396   0.00522
    365.0   0.12891   0.00459
    370.0   0.13397   0.00410
    375.0   0.13809   0.00376
    380.0   0.14149   0.00355
    385.0   0.14513   0.00365
    390.0   0.14846   0.00392
    395.0   0.15151   0.00487
    400.0   0.15176   0.00264
    405.0   0.15407   0.00224
    410.0   0.15647   0.00217
    415.0   0.15807   0.00204
    420.0   0.16027   0.00176
    425.0   0.16186   0.00174
    430.0   0.16309   0.00186
    435.0   0.16479   0.00187
    440.0   0.16601   0.00188
    445.0   0.16735   0.00191
    450.0   0.16778   0.00185
    455.0   0.16894   0.00192
    460.0   0.17029   0.00194
    465.0   0.17199   0.00203
    470.0   0.17292   0.00194
    475.0   0.17467   0.00197
    480.0   0.17591   0.00180
    485.0   0.17727   0.00184
    490.0   0.17812   0.00204
    495.0   0.17925   0.00210
    500.0   0.18102   0.00204
    505.0   0.18315   0.00208
    510.0   0.18478   0.00192
    515.0   0.18660   0.00210
    520.0   0.18795   0.00197
    525.0   0.18945   0.00200
    530.0   0.19101   0.00217
    535.0   0.19262   0.00219
    540.0   0.19396   0.00218
    545.0   0.19513   0.00216
    550.0   0.19659   0.00202
    555.0   0.19744   0.00215
    560.0   0.19867   0.00221
    565.0   0.19913   0.00214
    570.0   0.20011   0.00226
    575.0   0.20058   0.00230
    580.0   0.20142   0.00218
    585.0   0.20205   0.00220
    590.0   0.20258   0.00214
    595.0   0.20327   0.00218
    600.0   0.20406   0.00215
    605.0   0.20440   0.00218
    610.0   0.20539   0.00212
    615.0   0.20608   0.00215
    620.0   0.20660   0.00226
    625.0   0.20768   0.00240
    630.0   0.20843   0.00210
    635.0   0.20919   0.00218
    640.0   0.20966   0.00210
    645.0   0.21060   0.00237
    650.0   0.21113   0.00207
    655.0   0.21210   0.00218
    660.0   0.21237   0.00228
    665.0   0.21301   0.00221
    670.0   0.21346   0.00228
    675.0   0.21417   0.00219
    680.0   0.21503   0.00235
    685.0   0.21551   0.00226
    690.0   0.21583   0.00226
    695.0   0.21625   0.00231
    700.0   0.21686   0.00235
    705.0   0.21733   0.00218
    710.0   0.21774   0.00229
    715.0   0.21858   0.00219
    720.0   0.21869   0.00242
    725.0   0.22012   0.00258
    730.0   0.22056   0.00252
    735.0   0.22111   0.00255
    740.0   0.22106   0.00256
    745.0   0.22141   0.00264
    750.0   0.22176   0.00270
    755.0   0.22129   0.00273
    760.0   0.22216   0.00281
    765.0   0.22120   0.00282
    770.0   0.22182   0.00279
    775.0   0.22099   0.00290
    780.0   0.22106   0.00287
    785.0   0.22090   0.00280
    790.0   0.22022   0.00269
    795.0   0.22019   0.00291
    800.0   0.21945   0.00324
    805.0   0.21937   0.00356
    810.0   0.21837   0.00325
    815.0   0.21782   0.00354
    820.0   0.21759   0.00343
    825.0   0.21716   0.00342
    830.0   0.21631   0.00336
    835.0   0.21593   0.00347
    840.0   0.21563   0.00318
    845.0   0.21408   0.00313
    850.0   0.21448   0.00352
    855.0   0.21340   0.00347
    860.0   0.21287   0.00315
    865.0   0.21243   0.00330
    870.0   0.21181   0.00339
    875.0   0.21123   0.00307
    880.0   0.21085   0.00309
    885.0   0.21062   0.00308
    890.0   0.21010   0.00325
    895.0   0.20897   0.00315
    900.0   0.20963   0.00290
    905.0   0.20859   0.00312
    910.0   0.20780   0.00317
    915.0   0.20709   0.00319
    920.0   0.20700   0.00325
    925.0   0.20596   0.00298
    930.0   0.20509   0.00304
    935.0   0.20454   0.00284
    940.0   0.20408   0.00339
    945.0   0.20332   0.00288
    950.0   0.20213   0.00308
    955.0   0.20151   0.00303
    960.0   0.20045   0.00305
    965.0   0.19947   0.00286
    970.0   0.19831   0.00286
    975.0   0.19696   0.00294
    980.0   0.19629   0.00273
    985.0   0.19535   0.00274
    990.0   0.19421   0.00270
    995.0   0.19306   0.00287
   1000.0   0.19222   0.00268
   1005.0   0.19141   0.00264
   1010.0   0.19045   0.00286
   1015.0   0.19017   0.00269
   1020.0   0.18937   0.00261
   1025.0   0.18840   0.00278
   1030.0   0.18847   0.00269
   1035.0   0.18700   0.00263
   1040.0   0.18725   0.00312
   1045.0   0.18684   0.00302
   1050.0   0.18686   0.00275
   1055.0   0.18661   0.00266
   1060.0   0.18667   0.00257
   1065.0   0.18704   0.00269
   1070.0   0.18748   0.00272
   1075.0   0.18771   0.00281
   1080.0   0.18846   0.00296
   1085.0   0.18880   0.00280
   1090.0   0.18963   0.00284
   1095.0   0.19073   0.00264
   1100.0   0.19167   0.00261
   1105.0   0.19315   0.00281
   1110.0   0.19345   0.00269
   1115.0   0.19550   0.00290
   1120.0   0.19587   0.00270
   1125.0   0.19758   0.00292
   1130.0   0.19811   0.00311
   1135.0   0.19961   0.00294
   1140.0   0.20006   0.00293
   1145.0   0.20192   0.00311
   1150.0   0.20218   0.00303
   1155.0   0.20345   0.00281
   1160.0   0.20409   0.00285
   1165.0   0.20514   0.00324
   1170.0   0.20596   0.00305
   1175.0   0.20697   0.00295
   1180.0   0.20738   0.00305
   1185.0   0.20810   0.00269
   1190.0   0.20846   0.00315
   1195.0   0.20921   0.00282
   1200.0   0.20958   0.00315
   1205.0   0.21028   0.00307
   1210.0   0.21112   0.00316
   1215.0   0.21208   0.00339
   1220.0   0.21277   0.00308
   1225.0   0.21315   0.00319
   1230.0   0.21350   0.00342
   1235.0   0.21403   0.00301
   1240.0   0.21461   0.00340
   1245.0   0.21511   0.00300
   1250.0   0.21614   0.00312
   1255.0   0.21576   0.00319
   1260.0   0.21721   0.00343
   1265.0   0.21802   0.00343
   1270.0   0.21796   0.00315
   1275.0   0.21856   0.00323
   1280.0   0.21888   0.00314
   1285.0   0.21977   0.00324
   1290.0   0.22072   0.00332
   1295.0   0.22191   0.00310
   1300.0   0.22223   0.00305
   1305.0   0.22326   0.00302
   1310.0   0.22368   0.00334
   1315.0   0.22515   0.00331
   1320.0   0.22567   0.00328
   1325.0   0.22699   0.00344
   1330.0   0.22807   0.00324
   1335.0   0.22952   0.00341
   1340.0   0.23000   0.00321
   1345.0   0.23160   0.00352
   1350.0   0.23208   0.00344
   1355.0   0.23346   0.00346
   1360.0   0.23436   0.00323
   1365.0   0.23548   0.00353
   1370.0   0.23675   0.00366
   1375.0   0.23767   0.00384
   1380.0   0.23902   0.00346
   1385.0   0.24064   0.00356
   1390.0   0.24235   0.00358
   1395.0   0.24355   0.00381
   1400.0   0.24490   0.00372
   1405.0   0.24636   0.00356
   1410.0   0.24721   0.00394
   1415.0   0.24874   0.00365
   1420.0   0.24979   0.00380
   1425.0   0.25113   0.00342
   1430.0   0.25253   0.00384
   1435.0   0.25345   0.00381
   1440.0   0.25463   0.00384
   1445.0   0.25640   0.00377
   1450.0   0.25763   0.00336
   1455.0   0.25867   0.00380
   1460.0   0.26014   0.00386
   1465.0   0.26166   0.00403
   1470.0   0.26249   0.00351
   1475.0   0.26391   0.00370
   1480.0   0.26532   0.00363
   1485.0   0.26630   0.00372
   1490.0   0.26776   0.00350
   1495.0   0.26923   0.00384
   1500.0   0.26917   0.00381
   1505.0   0.27118   0.00397
   1510.0   0.27166   0.00381
   1515.0   0.27301   0.00378
   1520.0   0.27360   0.00387
   1525.0   0.27367   0.00391
   1530.0   0.27563   0.00372
   1535.0   0.27606   0.00407
   1540.0   0.27732   0.00378
   1545.0   0.27818   0.00395
   1550.0   0.27918   0.00394
   1555.0   0.27983   0.00384
   1560.0   0.28044   0.00380
   1565.0   0.28058   0.00372
   1570.0   0.28205   0.00450
   1575.0   0.28203   0.00399
   1580.0   0.28297   0.00381
   1585.0   0.28334   0.00390
   1590.0   0.28391   0.00398
   1595.0   0.28480   0.00407
   1600.0   0.28489   0.00387
   1605.0   0.28548   0.00408
   1610.0   0.28550   0.00415
   1615.0   0.28597   0.00431
   1620.0   0.28604   0.00374
   1625.0   0.28620   0.00399
   1630.0   0.28577   0.00356
   1635.0   0.28718   0.00396
   1640.0   0.28666   0.00418
   1645.0   0.28750   0.00401
   1650.0   0.28746   0.00384
   1655.0   0.28768   0.00386
   1660.0   0.28772   0.00391
   1665.0   0.28688   0.00403
   1670.0   0.28703   0.00413
   1675.0   0.28687   0.00363
   1680.0   0.28656   0.00411
   1685.0   0.28691   0.00409
   1690.0   0.28701   0.00409
   1695.0   0.28662   0.00392
   1700.0   0.28628   0.00388
   1705.0   0.28639   0.00379
   1710.0   0.28620   0.00382
   1715.0   0.28631   0.00389
   1720.0   0.28594   0.00399
   1725.0   0.28637   0.00395
   1730.0   0.28570   0.00391
   1735.0   0.28539   0.00391
   1740.0   0.28486   0.00415
   1745.0   0.28485   0.00394
   1750.0   0.28493   0.00374
   1755.0   0.28532   0.00417
   1760.0   0.28444   0.00382
   1765.0   0.28468   0.00405
   1770.0   0.28400   0.00393
   1775.0   0.28362   0.00383
   1780.0   0.28328   0.00360
   1785.0   0.28309   0.00375
   1790.0   0.28278   0.00348
   1795.0   0.28265   0.00350
   1800.0   0.28256   0.00364
   1805.0   0.28107   0.00360
   1810.0   0.28153   0.00321
   1815.0   0.28109   0.00345
   1820.0   0.28125   0.00376
   1825.0   0.28045   0.00364
   1830.0   0.28013   0.00390
   1835.0   0.27968   0.00371
   1840.0   0.27950   0.00354
   1845.0   0.27903   0.00363
   1850.0   0.27852   0.00340
   1855.0   0.27829   0.00350
   1860.0   0.27861   0.00364
   1865.0   0.27792   0.00376
   1870.0   0.27732   0.00369
   1875.0   0.27707   0.00374
   1880.0   0.27671   0.00313
   1885.0   0.27576   0.00312
   1890.0   0.27590   0.00342
   1895.0   0.27579   0.00329
   1900.0   0.27518   0.00354
   1905.0   0.27467   0.00360
   1910.0   0.27452   0.00333
   1915.0   0.27389   0.00319
   1920.0   0.27462   0.00347
   1925.0   0.27254   0.00321
   1930.0   0.27351   0.00334
   1935.0   0.27388   0.00358
   1940.0   0.27308   0.00347
   1945.0   0.27288   0.00333
   1950.0   0.27284   0.00367
   1955.0   0.27330   0.00386
   1960.0   0.27248   0.00313
   1965.0   0.27260   0.00330
   1970.0   0.27212   0.00339
   1975.0   0.27184   0.00381
   1980.0   0.27227   0.00386
   1985.0   0.27185   0.00362
   1990.0   0.27205   0.00339
   1995.0   0.27220   0.00337
   2000.0   0.27180   0.00357
   2005.0   0.27201   0.00389
   2010.0   0.27131   0.00353
   2015.0   0.27158   0.00375
   2020.0   0.27145   0.00350
   2025.0   0.27190   0.00347
   2030.0   0.27220   0.00354
   2035.0   0.27144   0.00358
   2040.0   0.27171   0.00375
   2045.0   0.27168   0.00422
   2050.0   0.27211   0.00341
   2055.0   0.27195   0.00321
   2060.0   0.27148   0.00398
   2065.0   0.27150   0.00355
   2070.0   0.27132   0.00388
   2075.0   0.27149   0.00372
   2080.0   0.27177   0.00391
   2085.0   0.27167   0.00368
   2090.0   0.27216   0.00376
   2095.0   0.27218   0.00420
   2100.0   0.27202   0.00409
   2105.0   0.27135   0.00395
   2110.0   0.27189   0.00375
   2115.0   0.27188   0.00392
   2120.0   0.27236   0.00431
   2125.0   0.27218   0.00405
   2130.0   0.27234   0.00359
   2135.0   0.27271   0.00373
   2140.0   0.27263   0.00414
   2145.0   0.27248   0.00420
   2150.0   0.27256   0.00355
   2155.0   0.27295   0.00383
   2160.0   0.27288   0.00375
   2165.0   0.27238   0.00376
   2170.0   0.27227   0.00398
   2175.0   0.27233   0.00391
   2180.0   0.27287   0.00391
   2185.0   0.27285   0.00391
   2190.0   0.27282   0.00371
   2195.0   0.27314   0.00332
   2200.0   0.27219   0.00377
   2205.0   0.27346   0.00391
   2210.0   0.27275   0.00406
   2215.0   0.27327   0.00361
   2220.0   0.27298   0.00402
   2225.0   0.27311   0.00387
   2230.0   0.27338   0.00373
   2235.0   0.27392   0.00366
   2240.0   0.27327   0.00371
   2245.0   0.27387   0.00397
   2250.0   0.27330   0.00425
   2255.0   0.27397   0.00427
   2260.0   0.27447   0.00360
   2265.0   0.27428   0.00401
   2270.0   0.27484   0.00380
   2275.0   0.27448   0.00382
   2280.0   0.27472   0.00397
   2285.0   0.27385   0.00388
   2290.0   0.27493   0.00367
   2295.0   0.27395   0.00369
   2300.0   0.27479   0.00372
   2305.0   0.27575   0.00384
   2310.0   0.27536   0.00391
   2315.0   0.27567   0.00368
   2320.0   0.27601   0.00390
   2325.0   0.27710   0.00357
   2330.0   0.27626   0.00379
   2335.0   0.27771   0.00382
   2340.0   0.27818   0.00433
   2345.0   0.27818   0.00419
   2350.0   0.27843   0.00427
   2355.0   0.27913   0.00483
   2360.0   0.27831   0.00390
   2365.0   0.27990   0.00384
   2370.0   0.27867   0.00446
   2375.0   0.27945   0.00483
   2380.0   0.27925   0.00497
   2385.0   0.27939   0.00464
   2390.0   0.28009   0.00398
   2395.0   0.28048   0.00424
   2400.0   0.28100   0.00459
   2405.0   0.28112   0.00398
   2410.0   0.28198   0.00486
   2415.0   0.28180   0.00499
   2420.0   0.28178   0.00443
   2425.0   0.28245   0.00451
   2430.0   0.28296   0.00413
   2435.0   0.28305   0.00443
   2440.0   0.28330   0.00412
   2445.0   0.28404   0.00447
   2450.0   0.28472   0.00429
   2455.0   0.28517   0.00435
   2460.0   0.28471   0.00392
   2465.0   0.28599   0.00380
   2470.0   0.28607   0.00415
   2475.0   0.28589   0.00432
   2480.0   0.28620   0.00437
   2485.0   0.28662   0.00399
   2490.0   0.28675   0.00397
   2495.0   0.28700   0.00403
   2500.0   0.28747   0.00383
   2505.0   0.28824   0.00380
   2510.0   0.28791   0.00424
   2515.0   0.28898   0.00423
   2520.0   0.28937   0.00434
   2525.0   0.28962   0.00433
   2530.0   0.29039   0.00367
   2535.0   0.29114   0.00413
   2540.0   0.29167   0.00458
   2545.0   0.29121   0.00460
   2550.0   0.29326   0.00490
   2555.0   0.29390   0.00523
   2560.0   0.29382   0.00455
   2565.0   0.29471   0.00513
   2570.0   0.29535   0.00483
   2575.0   0.29557   0.00515
   2580.0   0.29539   0.00515
   2585.0   0.29828   0.00616
   2590.0   0.29673   0.00510
   2595.0   0.29647   0.00637
   2600.0   0.29783   0.00574
