    300.0   0.04755   0.07968
    305.0   0.04550   0.05294
    310.0   0.04595   0.03931
    315.0   0.04668   0.03011
    320.0   0.04734   0.02370
    325.0   0.04958   0.01902
    330.0   0.05166   0.01567
    335.0   0.05464   0.01320
    340.0   0.05904   0.01112
    345.0   0.06425   0.00985
    350.0   0.07066   0.00829
    355.0   0.07846   0.00763
    360.0   0.08816   0.00687
    365.0   0.09763   0.00640
    370.0   0.10737   0.00606
    375.0   0.11745   0.00567
    380.0   0.12652   0.00543
    385.0   0.13503   0.00548
    390.0   0.14378   0.00566
    395.0   0.15140   0.00647
    400.0   0.15452   0.00478
    405.0   0.16391   0.00457
    410.0   0.17393   0.00445
    415.0   0.18233   0.00437
    420.0   0.18824   0.00436
    425.0   0.19319   0.00428
    430.0   0.19735   0.00426
    435.0   0.20137   0.00428
    440.0   0.20480   0.00418
    445.0   0.20428   0.00417
    450.0   0.20157   0.00422
    455.0   0.20318   0.00408
    460.0   0.20947   0.00408
    465.0   0.21581   0.00416
    470.0   0.21981   0.00415
    475.0   0.23063   0.00417
    480.0   0.24024   0.00413
    485.0   0.24382   0.00402
    490.0   0.24631   0.00413
    495.0   0.24831   0.00408
    500.0   0.25915   0.00404
    505.0   0.27163   0.00412
    510.0   0.28107   0.00408
    515.0   0.28824   0.00414
    520.0   0.29379   0.00405
    525.0   0.29864   0.00412
    530.0   0.30467   0.00406
    535.0   0.31248   0.00409
    540.0   0.32082   0.00412
    545.0   0.32864   0.00394
    550.0   0.33509   0.00397
    555.0   0.33938   0.00413
    560.0   0.34300   0.00400
    565.0   0.34556   0.00402
    570.0   0.34748   0.00423
    575.0   0.34792   0.00420
    580.0   0.34875   0.00422
    585.0   0.34907   0.00436
    590.0   0.34939   0.00405
    595.0   0.34992   0.00400
    600.0   0.34969   0.00408
    605.0   0.34921   0.00407
    610.0   0.34861   0.00416
    615.0   0.34764   0.00427
    620.0   0.34656   0.00425
    625.0   0.34612   0.00437
    630.0   0.34754   0.00439
    635.0   0.34942   0.00429
    640.0   0.35261   0.00433
    645.0   0.35635   0.00427
    650.0   0.35979   0.00423
    655.0   0.36244   0.00423
    660.0   0.36450   0.00429
    665.0   0.36550   0.00433
    670.0   0.36548   0.00420
    675.0   0.36528   0.00422
    680.0   0.36400   0.00404
    685.0   0.36135   0.00402
    690.0   0.35754   0.00408
    695.0   0.35414   0.00420
    700.0   0.35022   0.00409
    705.0   0.34529   0.00415
    710.0   0.34044   0.00411
    715.0   0.33482   0.00413
    720.0   0.32888   0.00421
    725.0   0.32359   0.00427
    730.0   0.31712   0.00417
    735.0   0.31052   0.00427
    740.0   0.30360   0.00412
    745.0   0.29703   0.00421
    750.0   0.28999   0.00422
    755.0   0.28299   0.00433
    760.0   0.27613   0.00425
    765.0   0.26875   0.00431
    770.0   0.26169   0.00431
    775.0   0.25460   0.00449
    780.0   0.24799   0.00448
    785.0   0.24138   0.00446
    790.0   0.23473   0.00450
    795.0   0.22857   0.00455
    800.0   0.22295   0.00491
    805.0   0.21692   0.00500
    810.0   0.21153   0.00502
    815.0   0.20593   0.00502
    820.0   0.20095   0.00504
    825.0   0.19644   0.00518
    830.0   0.19206   0.00506
    835.0   0.18814   0.00513
    840.0   0.18432   0.00490
    845.0   0.18051   0.00503
    850.0   0.17712   0.00502
    855.0   0.17409   0.00462
    860.0   0.17041   0.00504
    865.0   0.16788   0.00510
    870.0   0.16526   0.00507
    875.0   0.16328   0.00513
    880.0   0.16040   0.00469
    885.0   0.15772   0.00465
    890.0   0.15562   0.00506
    895.0   0.15345   0.00477
    900.0   0.15144   0.00478
    905.0   0.14956   0.00473
    910.0   0.14746   0.00471
    915.0   0.14567   0.00453
    920.0   0.14332   0.00449
    925.0   0.14104   0.00439
    930.0   0.13848   0.00473
    935.0   0.13601   0.00449
    940.0   0.13398   0.00453
    945.0   0.13128   0.00441
    950.0   0.12880   0.00446
    955.0   0.12658   0.00439
    960.0   0.12400   0.00443
    965.0   0.12178   0.00445
    970.0   0.11936   0.00433
    975.0   0.11730   0.00439
    980.0   0.11485   0.00429
    985.0   0.11256   0.00429
    990.0   0.11051   0.00423
    995.0   0.10868   0.00428
   1000.0   0.10626   0.00429
   1005.0   0.10480   0.00435
   1010.0   0.10334   0.00407
   1015.0   0.10168   0.00419
   1020.0   0.10048   0.00424
   1025.0   0.09887   0.00404
   1030.0   0.09798   0.00427
   1035.0   0.09716   0.00410
   1040.0   0.09619   0.00410
   1045.0   0.09557   0.00413
   1050.0   0.09511   0.00411
   1055.0   0.09428   0.00425
   1060.0   0.09389   0.00389
   1065.0   0.09385   0.00401
   1070.0   0.09383   0.00407
   1075.0   0.09407   0.00401
   1080.0   0.09438   0.00399
   1085.0   0.09436   0.00399
   1090.0   0.09524   0.00389
   1095.0   0.09569   0.00394
   1100.0   0.09634   0.00395
   1105.0   0.09729   0.00405
   1110.0   0.09838   0.00402
   1115.0   0.09970   0.00390
   1120.0   0.10063   0.00397
   1125.0   0.10189   0.00404
   1130.0   0.10261   0.00403
   1135.0   0.10410   0.00407
   1140.0   0.10500   0.00396
   1145.0   0.10610   0.00419
   1150.0   0.10712   0.00379
   1155.0   0.10852   0.00406
   1160.0   0.10941   0.00412
   1165.0   0.11034   0.00399
   1170.0   0.11114   0.00406
   1175.0   0.11222   0.00392
   1180.0   0.11291   0.00426
   1185.0   0.11385   0.00399
   1190.0   0.11452   0.00403
   1195.0   0.11501   0.00407
   1200.0   0.11544   0.00414
   1205.0   0.11648   0.00411
   1210.0   0.11758   0.00412
   1215.0   0.11752   0.00413
   1220.0   0.11807   0.00420
   1225.0   0.11833   0.00405
   1230.0   0.11927   0.00410
   1235.0   0.11978   0.00397
   1240.0   0.11993   0.00387
   1245.0   0.12051   0.00431
   1250.0   0.12150   0.00414
   1255.0   0.12189   0.00420
   1260.0   0.12280   0.00388
   1265.0   0.12352   0.00420
   1270.0   0.12397   0.00428
   1275.0   0.12492   0.00396
   1280.0   0.12565   0.00403
   1285.0   0.12659   0.00383
   1290.0   0.12752   0.00415
   1295.0   0.12879   0.00423
   1300.0   0.13010   0.00417
   1305.0   0.13119   0.00428
   1310.0   0.13264   0.00395
   1315.0   0.13391   0.00429
   1320.0   0.13528   0.00411
   1325.0   0.13658   0.00433
   1330.0   0.13848   0.00434
   1335.0   0.14037   0.00435
   1340.0   0.14177   0.00408
   1345.0   0.14375   0.00455
   1350.0   0.14552   0.00414
   1355.0   0.14816   0.00448
   1360.0   0.14995   0.00437
   1365.0   0.15129   0.00417
   1370.0   0.15423   0.00417
   1375.0   0.15667   0.00444
   1380.0   0.16018   0.00447
   1385.0   0.16055   0.00457
   1390.0   0.16421   0.00433
   1395.0   0.16779   0.00475
   1400.0   0.17135   0.00446
   1405.0   0.17377   0.00445
   1410.0   0.17620   0.00428
   1415.0   0.18036   0.00440
   1420.0   0.18330   0.00459
   1425.0   0.18680   0.00450
   1430.0   0.19040   0.00424
   1435.0   0.19410   0.00448
   1440.0   0.19819   0.00457
   1445.0   0.20193   0.00452
   1450.0   0.20613   0.00463
   1455.0   0.21000   0.00467
   1460.0   0.21465   0.00451
   1465.0   0.21827   0.00458
   1470.0   0.22284   0.00474
   1475.0   0.22752   0.00461
   1480.0   0.23224   0.00446
   1485.0   0.23660   0.00471
   1490.0   0.24143   0.00452
   1495.0   0.24636   0.00466
   1500.0   0.25142   0.00507
   1505.0   0.25648   0.00469
   1510.0   0.26147   0.00458
   1515.0   0.26693   0.00457
   1520.0   0.27186   0.00453
   1525.0   0.27722   0.00472
   1530.0   0.28275   0.00487
   1535.0   0.28799   0.00471
   1540.0   0.29333   0.00464
   1545.0   0.29856   0.00473
   1550.0   0.30378   0.00466
   1555.0   0.30903   0.00478
   1560.0   0.31434   0.00483
   1565.0   0.32035   0.00477
   1570.0   0.32510   0.00461
   1575.0   0.33046   0.00458
   1580.0   0.33634   0.00468
   1585.0   0.34126   0.00457
   1590.0   0.34668   0.00463
   1595.0   0.35125   0.00472
   1600.0   0.35674   0.00447
   1605.0   0.36187   0.00461
   1610.0   0.36670   0.00470
   1615.0   0.37139   0.00470
   1620.0   0.37584   0.00459
   1625.0   0.38046   0.00485
   1630.0   0.38451   0.00437
   1635.0   0.38968   0.00476
   1640.0   0.39362   0.00466
   1645.0   0.39751   0.00479
   1650.0   0.40242   0.00469
   1655.0   0.40558   0.00453
   1660.0   0.40901   0.00480
   1665.0   0.41263   0.00495
   1670.0   0.41564   0.00485
   1675.0   0.42002   0.00473
   1680.0   0.42255   0.00471
   1685.0   0.42564   0.00459
   1690.0   0.42819   0.00440
   1695.0   0.43118   0.00455
   1700.0   0.43401   0.00638
   1705.0   0.43667   0.00668
   1710.0   0.43892   0.00662
   1715.0   0.44117   0.00672
   1720.0   0.44298   0.00650
   1725.0   0.44498   0.00642
   1730.0   0.44698   0.00643
   1735.0   0.44859   0.00641
   1740.0   0.45021   0.00615
   1745.0   0.45193   0.00623
   1750.0   0.45320   0.00656
   1755.0   0.45482   0.00818
   1760.0   0.45609   0.00827
   1765.0   0.45710   0.00833
   1770.0   0.45845   0.00814
   1775.0   0.45958   0.00823
   1780.0   0.46055   0.00854
   1785.0   0.46155   0.00871
   1790.0   0.46274   0.00808
   1795.0   0.46313   0.00848
   1800.0   0.46384   0.00785
   1805.0   0.46416   0.00775
   1810.0   0.46464   0.00729
   1815.0   0.46512   0.00788
   1820.0   0.46563   0.00756
   1825.0   0.46588   0.00780
   1830.0   0.46625   0.00790
   1835.0   0.46683   0.00810
   1840.0   0.46707   0.00821
   1845.0   0.46776   0.00840
   1850.0   0.46848   0.00906
   1855.0   0.46937   0.00942
   1860.0   0.46930   0.00874
   1865.0   0.46967   0.00940
   1870.0   0.47033   0.01005
   1875.0   0.47054   0.00985
   1880.0   0.47055   0.00981
   1885.0   0.47117   0.01080
   1890.0   0.47080   0.00979
   1895.0   0.47011   0.00943
   1900.0   0.46964   0.00964
   1905.0   0.46902   0.00970
   1910.0   0.46820   0.00935
   1915.0   0.46831   0.00975
   1920.0   0.46833   0.00947
   1925.0   0.46801   0.00983
   1930.0   0.46776   0.00996
   1935.0   0.46872   0.00952
   1940.0   0.46840   0.01003
   1945.0   0.46832   0.00949
   1950.0   0.46886   0.00863
   1955.0   0.46856   0.00872
   1960.0   0.46867   0.00879
   1965.0   0.46889   0.00864
   1970.0   0.46935   0.00902
   1975.0   0.46924   0.00969
   1980.0   0.47048   0.00960
   1985.0   0.47070   0.00979
   1990.0   0.47109   0.00998
   1995.0   0.47141   0.01028
   2000.0   0.47194   0.00973
   2005.0   0.47146   0.01004
   2010.0   0.47158   0.00960
   2015.0   0.47156   0.00936
   2020.0   0.47148   0.00906
   2025.0   0.47134   0.00889
   2030.0   0.47154   0.00939
   2035.0   0.47194   0.00982
   2040.0   0.47225   0.00972
   2045.0   0.47242   0.01009
   2050.0   0.47292   0.00971
   2055.0   0.47250   0.00966
   2060.0   0.47173   0.00954
   2065.0   0.47163   0.00948
   2070.0   0.47176   0.00901
   2075.0   0.47202   0.00891
   2080.0   0.47214   0.00894
   2085.0   0.47243   0.00918
   2090.0   0.47229   0.00931
   2095.0   0.47224   0.00888
   2100.0   0.47173   0.00942
   2105.0   0.47198   0.00897
   2110.0   0.47179   0.00896
   2115.0   0.47200   0.00864
   2120.0   0.47212   0.00834
   2125.0   0.47215   0.00782
   2130.0   0.47197   0.00774
   2135.0   0.47184   0.00779
   2140.0   0.47167   0.00809
   2145.0   0.47213   0.00799
   2150.0   0.47201   0.00859
   2155.0   0.47248   0.00792
   2160.0   0.47219   0.00876
   2165.0   0.47254   0.00866
   2170.0   0.47250   0.00887
   2175.0   0.47262   0.00884
   2180.0   0.47260   0.00939
   2185.0   0.47292   0.00892
   2190.0   0.47261   0.00867
   2195.0   0.47222   0.00850
   2200.0   0.47204   0.00840
   2205.0   0.47187   0.00803
   2210.0   0.47155   0.00806
   2215.0   0.47169   0.00773
   2220.0   0.47173   0.00788
   2225.0   0.47165   0.00813
   2230.0   0.47200   0.00795
   2235.0   0.47213   0.00812
   2240.0   0.47194   0.00817
   2245.0   0.47175   0.00782
   2250.0   0.47137   0.00776
   2255.0   0.47074   0.00777
   2260.0   0.47015   0.00689
   2265.0   0.46977   0.00651
   2270.0   0.46928   0.00626
   2275.0   0.46876   0.00578
   2280.0   0.46858   0.00563
   2285.0   0.46849   0.00593
   2290.0   0.46832   0.00599
   2295.0   0.46834   0.00571
   2300.0   0.46817   0.00670
   2305.0   0.46820   0.00690
   2310.0   0.46818   0.00758
   2315.0   0.46905   0.00737
   2320.0   0.47001   0.00670
   2325.0   0.47032   0.00621
   2330.0   0.46978   0.00677
   2335.0   0.47000   0.00606
   2340.0   0.46972   0.00631
   2345.0   0.46973   0.00676
   2350.0   0.46959   0.00691
   2355.0   0.46971   0.00698
   2360.0   0.46990   0.00690
   2365.0   0.47016   0.00652
   2370.0   0.47028   0.00660
   2375.0   0.47056   0.00722
   2380.0   0.47063   0.00720
   2385.0   0.47109   0.00672
   2390.0   0.47117   0.00697
   2395.0   0.47156   0.00622
   2400.0   0.47142   0.00591
   2405.0   0.47160   0.00616
   2410.0   0.47196   0.00600
   2415.0   0.47236   0.00600
   2420.0   0.47252   0.00622
   2425.0   0.47260   0.00636
   2430.0   0.47254   0.00625
   2435.0   0.47244   0.00578
   2440.0   0.47218   0.00519
   2445.0   0.47189   0.00495
   2450.0   0.47120   0.00534
   2455.0   0.47129   0.00464
   2460.0   0.47098   0.00454
   2465.0   0.47070   0.00421
   2470.0   0.47105   0.00325
   2475.0   0.47035   0.00350
   2480.0   0.47051   0.00363
   2485.0   0.47059   0.00373
   2490.0   0.47097   0.00349
   2495.0   0.47080   0.00331
   2500.0   0.47127   0.00313
   2505.0   0.47126   0.00195
   2510.0   0.47116   0.00269
   2515.0   0.47142   0.00222
   2520.0   0.47101   0.00327
   2525.0   0.47179   0.00211
   2530.0   0.47250   0.00283
   2535.0   0.47234   0.00232
   2540.0   0.47263   0.00233
   2545.0   0.47316   0.00387
   2550.0   0.47216   0.00141
   2555.0   0.47165   0.00114
   2560.0   0.47195   0.00165
   2565.0   0.47172   0.00103
   2570.0   0.47138   0.00021
   2575.0   0.47138   0.00054
   2580.0   0.47202   0.00174
   2585.0   0.47175   0.00186
   2590.0   0.47248   0.00175
   2595.0   0.47330   0.00406
   2600.0   0.47780   0.00958