   461
    300.0   0.02814   0.23193
    305.0   0.02808   0.14978
    310.0   0.02813   0.10852
    315.0   0.02809   0.08136
    320.0   0.02819   0.06325
    325.0   0.02821   0.04998
    330.0   0.02826   0.04042
    335.0   0.02834   0.03308
    340.0   0.02858   0.02725
    345.0   0.02878   0.02251
    350.0   0.02887   0.01854
    355.0   0.02908   0.01526
    360.0   0.02917   0.01260
    365.0   0.02918   0.01049
    370.0   0.02918   0.00892
    375.0   0.02920   0.00787
    380.0   0.02922   0.00727
    385.0   0.02925   0.00721
    390.0   0.02927   0.00790
    395.0   0.02928   0.00993
    400.0   0.02927   0.00427
    405.0   0.02923   0.00336
    410.0   0.02914   0.00268
    415.0   0.02914   0.00220
    420.0   0.02907   0.00192
    425.0   0.02913   0.00170
    430.0   0.02915   0.00152
    435.0   0.02917   0.00143
    440.0   0.02920   0.00132
    445.0   0.02924   0.00122
    450.0   0.02922   0.00118
    455.0   0.02922   0.00112
    460.0   0.02923   0.00106
    465.0   0.02926   0.00104
    470.0   0.02934   0.00101
    475.0   0.02934   0.00098
    480.0   0.02939   0.00096
    485.0   0.02946   0.00095
    490.0   0.02948   0.00092
    495.0   0.02955   0.00092
    500.0   0.02961   0.00090
    505.0   0.02963   0.00090
    510.0   0.02968   0.00090
    515.0   0.02977   0.00089
    520.0   0.02986   0.00088
    525.0   0.02993   0.00089
    530.0   0.03009   0.00087
    535.0   0.03019   0.00087
    540.0   0.03025   0.00087
    545.0   0.03038   0.00086
    550.0   0.03039   0.00086
    555.0   0.03030   0.00085
    560.0   0.03036   0.00086
    565.0   0.03037   0.00087
    570.0   0.03037   0.00086
    575.0   0.03037   0.00087
    580.0   0.03041   0.00087
    585.0   0.03047   0.00088
    590.0   0.03036   0.00088
    595.0   0.03043   0.00087
    600.0   0.03051   0.00086
    605.0   0.03046   0.00088
    610.0   0.03058   0.00089
    615.0   0.03066   0.00089
    620.0   0.03074   0.00088
    625.0   0.03085   0.00088
    630.0   0.03089   0.00089
    635.0   0.03093   0.00089
    640.0   0.03096   0.00090
    645.0   0.03094   0.00089
    650.0   0.03093   0.00089
    655.0   0.03088   0.00089
    660.0   0.03082   0.00091
    665.0   0.03079   0.00093
    670.0   0.03072   0.00094
    675.0   0.03070   0.00093
    680.0   0.03065   0.00096
    685.0   0.03063   0.00096
    690.0   0.03064   0.00098
    695.0   0.03064   0.00101
    700.0   0.03061   0.00100
    705.0   0.03065   0.00104
    710.0   0.03066   0.00106
    715.0   0.03067   0.00107
    720.0   0.03071   0.00109
    725.0   0.03085   0.00106
    730.0   0.03091   0.00108
    735.0   0.03096   0.00108
    740.0   0.03095   0.00112
    745.0   0.03097   0.00116
    750.0   0.03100   0.00117
    755.0   0.03105   0.00120
    760.0   0.03106   0.00124
    765.0   0.03111   0.00127
    770.0   0.03110   0.00134
    775.0   0.03112   0.00135
    780.0   0.03119   0.00141
    785.0   0.03123   0.00146
    790.0   0.03120   0.00152
    795.0   0.03122   0.00158
    800.0   0.03140   0.00299
    805.0   0.03152   0.00294
    810.0   0.03155   0.00298
    815.0   0.03153   0.00304
    820.0   0.03152   0.00286
    825.0   0.03151   0.00298
    830.0   0.03148   0.00292
    835.0   0.03148   0.00284
    840.0   0.03147   0.00281
    845.0   0.03148   0.00281
    850.0   0.03154   0.00263
    855.0   0.03147   0.00323
    860.0   0.03149   0.00286
    865.0   0.03156   0.00258
    870.0   0.03148   0.00262
    875.0   0.03143   0.00235
    880.0   0.03135   0.00220
    885.0   0.03131   0.00208
    890.0   0.03123   0.00189
    895.0   0.03127   0.00189
    900.0   0.03120   0.00168
    905.0   0.03114   0.00200
    910.0   0.03115   0.00204
    915.0   0.03113   0.00203
    920.0   0.03112   0.00180
    925.0   0.03116   0.00171
    930.0   0.03123   0.00160
    935.0   0.03125   0.00159
    940.0   0.03128   0.00155
    945.0   0.03131   0.00147
    950.0   0.03133   0.00142
    955.0   0.03131   0.00180
    960.0   0.03137   0.00192
    965.0   0.03141   0.00174
    970.0   0.03139   0.00171
    975.0   0.03137   0.00176
    980.0   0.03137   0.00163
    985.0   0.03135   0.00168
    990.0   0.03134   0.00165
    995.0   0.03134   0.00161
   1000.0   0.03134   0.00156
   1005.0   0.03140   0.00159
   1010.0   0.03141   0.00155
   1015.0   0.03140   0.00163
   1020.0   0.03143   0.00158
   1025.0   0.03148   0.00152
   1030.0   0.03152   0.00151
   1035.0   0.03154   0.00152
   1040.0   0.03170   0.00157
   1045.0   0.03177   0.00156
   1050.0   0.03185   0.00161
   1055.0   0.03192   0.00164
   1060.0   0.03198   0.00159
   1065.0   0.03197   0.00155
   1070.0   0.03198   0.00153
   1075.0   0.03197   0.00147
   1080.0   0.03197   0.00140
   1085.0   0.03203   0.00143
   1090.0   0.03208   0.00143
   1095.0   0.03212   0.00151
   1100.0   0.03220   0.00139
   1105.0   0.03223   0.00133
   1110.0   0.03226   0.00143
   1115.0   0.03235   0.00147
   1120.0   0.03245   0.00146
   1125.0   0.03252   0.00138
   1130.0   0.03268   0.00149
   1135.0   0.03281   0.00141
   1140.0   0.03287   0.00133
   1145.0   0.03295   0.00142
   1150.0   0.03304   0.00130
   1155.0   0.03307   0.00144
   1160.0   0.03312   0.00137
   1165.0   0.03319   0.00137
   1170.0   0.03327   0.00141
   1175.0   0.03334   0.00143
   1180.0   0.03347   0.00136
   1185.0   0.03359   0.00132
   1190.0   0.03370   0.00133
   1195.0   0.03382   0.00140
   1200.0   0.03402   0.00132
   1205.0   0.03411   0.00186
   1210.0   0.03449   0.00195
   1215.0   0.03419   0.00188
   1220.0   0.03429   0.00182
   1225.0   0.03454   0.00174
   1230.0   0.03434   0.00170
   1235.0   0.03449   0.00165
   1240.0   0.03442   0.00174
   1245.0   0.03441   0.00149
   1250.0   0.03444   0.00166
   1255.0   0.03453   0.00155
   1260.0   0.03475   0.00141
   1265.0   0.03488   0.00134
   1270.0   0.03472   0.00141
   1275.0   0.03507   0.00139
   1280.0   0.03491   0.00135
   1285.0   0.03506   0.00137
   1290.0   0.03505   0.00126
   1295.0   0.03529   0.00135
   1300.0   0.03539   0.00130
   1305.0   0.03555   0.00131
   1310.0   0.03582   0.00135
   1315.0   0.03579   0.00126
   1320.0   0.03590   0.00124
   1325.0   0.03618   0.00130
   1330.0   0.03628   0.00130
   1335.0   0.03639   0.00127
   1340.0   0.03674   0.00128
   1345.0   0.03677   0.00135
   1350.0   0.03705   0.00126
   1355.0   0.03734   0.00143
   1360.0   0.03744   0.00148
   1365.0   0.03761   0.00140
   1370.0   0.03761   0.00139
   1375.0   0.03788   0.00128
   1380.0   0.03804   0.00137
   1385.0   0.03831   0.00146
   1390.0   0.03859   0.00131
   1395.0   0.03879   0.00138
   1400.0   0.03906   0.00141
   1405.0   0.03931   0.00130
   1410.0   0.03947   0.00134
   1415.0   0.03989   0.00136
   1420.0   0.04000   0.00133
   1425.0   0.04027   0.00132
   1430.0   0.04037   0.00128
   1435.0   0.04072   0.00127
   1440.0   0.04111   0.00133
   1445.0   0.04149   0.00134
   1450.0   0.04165   0.00133
   1455.0   0.04216   0.00130
   1460.0   0.04219   0.00131
   1465.0   0.04237   0.00138
   1470.0   0.04287   0.00124
   1475.0   0.04307   0.00126
   1480.0   0.04350   0.00134
   1485.0   0.04372   0.00133
   1490.0   0.04397   0.00119
   1495.0   0.04424   0.00123
   1500.0   0.04461   0.00127
   1505.0   0.04500   0.00125
   1510.0   0.04528   0.00128
   1515.0   0.04569   0.00135
   1520.0   0.04602   0.00135
   1525.0   0.04622   0.00132
   1530.0   0.04651   0.00139
   1535.0   0.04693   0.00124
   1540.0   0.04726   0.00136
   1545.0   0.04732   0.00135
   1550.0   0.04741   0.00138
   1555.0   0.04775   0.00135
   1560.0   0.04807   0.00131
   1565.0   0.04834   0.00131
   1570.0   0.04858   0.00138
   1575.0   0.04888   0.00135
   1580.0   0.04913   0.00131
   1585.0   0.04961   0.00131
   1590.0   0.04990   0.00139
   1595.0   0.05035   0.00144
   1600.0   0.05049   0.00144
   1605.0   0.05067   0.00151
   1610.0   0.05113   0.00140
   1615.0   0.05141   0.00140
   1620.0   0.05169   0.00147
   1625.0   0.05209   0.00149
   1630.0   0.05245   0.00151
   1635.0   0.05256   0.00145
   1640.0   0.05304   0.00137
   1645.0   0.05332   0.00142
   1650.0   0.05354   0.00145
   1655.0   0.05381   0.00152
   1660.0   0.05426   0.00157
   1665.0   0.05444   0.00147
   1670.0   0.05483   0.00150
   1675.0   0.05499   0.00164
   1680.0   0.05547   0.00151
   1685.0   0.05574   0.00146
   1690.0   0.05609   0.00140
   1695.0   0.05630   0.00143
   1700.0   0.05670   0.00186
   1705.0   0.05714   0.00191
   1710.0   0.05750   0.00187
   1715.0   0.05790   0.00198
   1720.0   0.05817   0.00199
   1725.0   0.05860   0.00195
   1730.0   0.05907   0.00196
   1735.0   0.05930   0.00195
   1740.0   0.05985   0.00188
   1745.0   0.06022   0.00196
   1750.0   0.06053   0.00191
   1755.0   0.06098   0.00225
   1760.0   0.06135   0.00230
   1765.0   0.06194   0.00218
   1770.0   0.06212   0.00231
   1775.0   0.06235   0.00228
   1780.0   0.06315   0.00252
   1785.0   0.06351   0.00223
   1790.0   0.06379   0.00225
   1795.0   0.06435   0.00245
   1800.0   0.06437   0.00239
   1805.0   0.06476   0.00238
   1810.0   0.06531   0.00249
   1815.0   0.06591   0.00244
   1820.0   0.06637   0.00252
   1825.0   0.06653   0.00263
   1830.0   0.06695   0.00284
   1835.0   0.06764   0.00278
   1840.0   0.06784   0.00282
   1845.0   0.06802   0.00277
   1850.0   0.06846   0.00278
   1855.0   0.06912   0.00266
   1860.0   0.06952   0.00276
   1865.0   0.06976   0.00277
   1870.0   0.07004   0.00296
   1875.0   0.07038   0.00299
   1880.0   0.07074   0.00251
   1885.0   0.07106   0.00261
   1890.0   0.07156   0.00258
   1895.0   0.07206   0.00271
   1900.0   0.07243   0.00280
   1905.0   0.07281   0.00299
   1910.0   0.07322   0.00269
   1915.0   0.07355   0.00264
   1920.0   0.07412   0.00271
   1925.0   0.07404   0.00279
   1930.0   0.07444   0.00264
   1935.0   0.07521   0.00281
   1940.0   0.07544   0.00266
   1945.0   0.07562   0.00257
   1950.0   0.07682   0.00275
   1955.0   0.07696   0.00247
   1960.0   0.07739   0.00290
   1965.0   0.07819   0.00279
   1970.0   0.07824   0.00277
   1975.0   0.07869   0.00258
   1980.0   0.07893   0.00272
   1985.0   0.07956   0.00271
   1990.0   0.07997   0.00262
   1995.0   0.08022   0.00266
   2000.0   0.08095   0.00275
   2005.0   0.08117   0.00222
   2010.0   0.08157   0.00231
   2015.0   0.08178   0.00216
   2020.0   0.08232   0.00236
   2025.0   0.08273   0.00239
   2030.0   0.08312   0.00231
   2035.0   0.08328   0.00237
   2040.0   0.08363   0.00233
   2045.0   0.08431   0.00209
   2050.0   0.08493   0.00207
   2055.0   0.08513   0.00221
   2060.0   0.08550   0.00221
   2065.0   0.08571   0.00232
   2070.0   0.08641   0.00240
   2075.0   0.08661   0.00241
   2080.0   0.08732   0.00242
   2085.0   0.08733   0.00241
   2090.0   0.08807   0.00233
   2095.0   0.08853   0.00229
   2100.0   0.08896   0.00242
   2105.0   0.08927   0.00230
   2110.0   0.08976   0.00255
   2115.0   0.09012   0.00218
   2120.0   0.09033   0.00214
   2125.0   0.09111   0.00219
   2130.0   0.09133   0.00222
   2135.0   0.09181   0.00224
   2140.0   0.09201   0.00234
   2145.0   0.09265   0.00247
   2150.0   0.09285   0.00239
   2155.0   0.09350   0.00248
   2160.0   0.09384   0.00237
   2165.0   0.09438   0.00219
   2170.0   0.09462   0.00224
   2175.0   0.09556   0.00244
   2180.0   0.09596   0.00222
   2185.0   0.09630   0.00236
   2190.0   0.09685   0.00224
   2195.0   0.09699   0.00224
   2200.0   0.09755   0.00239
   2205.0   0.09779   0.00223
   2210.0   0.09821   0.00243
   2215.0   0.09857   0.00230
   2220.0   0.09924   0.00235
   2225.0   0.09978   0.00241
   2230.0   0.10024   0.00231
   2235.0   0.10065   0.00224
   2240.0   0.10107   0.00241
   2245.0   0.10124   0.00234
   2250.0   0.10177   0.00231
   2255.0   0.10216   0.00253
   2260.0   0.10222   0.00238
   2265.0   0.10296   0.00254
   2270.0   0.10367   0.00254
   2275.0   0.10389   0.00267
   2280.0   0.10416   0.00251
   2285.0   0.10476   0.00242
   2290.0   0.10509   0.00248
   2295.0   0.10549   0.00249
   2300.0   0.10581   0.00239
   2305.0   0.10631   0.00255
   2310.0   0.10671   0.00253
   2315.0   0.10717   0.00249
   2320.0   0.10771   0.00275
   2325.0   0.10809   0.00253
   2330.0   0.10856   0.00257
   2335.0   0.10927   0.00247
   2340.0   0.10958   0.00265
   2345.0   0.11006   0.00249
   2350.0   0.11058   0.00240
   2355.0   0.11086   0.00250
   2360.0   0.11125   0.00268
   2365.0   0.11151   0.00251
   2370.0   0.11206   0.00264
   2375.0   0.11274   0.00271
   2380.0   0.11330   0.00249
   2385.0   0.11386   0.00266
   2390.0   0.11427   0.00275
   2395.0   0.11427   0.00271
   2400.0   0.11484   0.00275
   2405.0   0.11560   0.00276
   2410.0   0.11589   0.00270
   2415.0   0.11663   0.00276
   2420.0   0.11668   0.00280
   2425.0   0.11713   0.00272
   2430.0   0.11764   0.00296
   2435.0   0.11871   0.00267
   2440.0   0.11833   0.00254
   2445.0   0.11911   0.00275
   2450.0   0.11954   0.00279
   2455.0   0.11971   0.00253
   2460.0   0.12012   0.00276
   2465.0   0.12055   0.00283
   2470.0   0.12106   0.00287
   2475.0   0.12083   0.00269
   2480.0   0.12180   0.00241
   2485.0   0.12190   0.00232
   2490.0   0.12265   0.00236
   2495.0   0.12306   0.00236
   2500.0   0.12326   0.00256
   2505.0   0.12347   0.00265
   2510.0   0.12374   0.00244
   2515.0   0.12463   0.00269
   2520.0   0.12446   0.00273
   2525.0   0.12485   0.00281
   2530.0   0.12594   0.00257
   2535.0   0.12545   0.00301
   2540.0   0.12625   0.00301
   2545.0   0.12629   0.00305
   2550.0   0.12698   0.00316
   2555.0   0.12724   0.00263
   2560.0   0.12743   0.00380
   2565.0   0.12784   0.00402
   2570.0   0.12839   0.00350
   2575.0   0.12876   0.00388
   2580.0   0.12913   0.00389
   2585.0   0.13007   0.00499
   2590.0   0.12979   0.00480
   2595.0   0.12965   0.00584
   2600.0   0.13037   0.00418
