   461
    300.0   0.76539   0.17978
    305.0   0.79685   0.11670
    310.0   0.81862   0.08681
    315.0   0.83250   0.06459
    320.0   0.85271   0.05020
    325.0   0.85661   0.04061
    330.0   0.87339   0.03308
    335.0   0.87825   0.02730
    340.0   0.88351   0.02249
    345.0   0.88977   0.01954
    350.0   0.89611   0.01676
    355.0   0.89888   0.01493
    360.0   0.90653   0.01245
    365.0   0.90866   0.01118
    370.0   0.91363   0.00996
    375.0   0.91599   0.00985
    380.0   0.91982   0.00993
    385.0   0.92223   0.00935
    390.0   0.92628   0.00950
    395.0   0.92755   0.01047
    400.0   0.92625   0.00795
    405.0   0.92619   0.00736
    410.0   0.92888   0.00707
    415.0   0.92872   0.00565
    420.0   0.93020   0.00559
    425.0   0.93123   0.00711
    430.0   0.93239   0.00657
    435.0   0.93282   0.00543
    440.0   0.93309   0.00600
    445.0   0.93233   0.00634
    450.0   0.93435   0.00644
    455.0   0.93379   0.00643
    460.0   0.93488   0.00606
    465.0   0.93429   0.00550
    470.0   0.93470   0.00577
    475.0   0.93489   0.00689
    480.0   0.93490   0.00655
    485.0   0.93588   0.00661
    490.0   0.93541   0.00666
    495.0   0.93563   0.00552
    500.0   0.93618   0.00596
    505.0   0.93619   0.00553
    510.0   0.93658   0.00540
    515.0   0.93653   0.00666
    520.0   0.93741   0.00671
    525.0   0.93697   0.00702
    530.0   0.93934   0.00696
    535.0   0.93676   0.00657
    540.0   0.93883   0.00623
    545.0   0.93727   0.00575
    550.0   0.93926   0.00583
    555.0   0.93956   0.00553
    560.0   0.94130   0.00554
    565.0   0.93909   0.00574
    570.0   0.94004   0.00604
    575.0   0.93839   0.00542
    580.0   0.94192   0.00627
    585.0   0.93989   0.00631
    590.0   0.94123   0.00617
    595.0   0.94018   0.00600
    600.0   0.94158   0.00591
    605.0   0.93952   0.00526
    610.0   0.94046   0.00553
    615.0   0.93981   0.00559
    620.0   0.94173   0.00555
    625.0   0.94050   0.00560
    630.0   0.94215   0.00593
    635.0   0.94102   0.00609
    640.0   0.94258   0.00595
    645.0   0.94225   0.00640
    650.0   0.94271   0.00617
    655.0   0.94121   0.00654
    660.0   0.94368   0.00644
    665.0   0.94249   0.00709
    670.0   0.94312   0.00692
    675.0   0.94287   0.00607
    680.0   0.94296   0.00650
    685.0   0.94262   0.00527
    690.0   0.94311   0.00594
    695.0   0.94189   0.00557
    700.0   0.94238   0.00596
    705.0   0.94195   0.00675
    710.0   0.94275   0.00650
    715.0   0.94200   0.00688
    720.0   0.94118   0.00695
    725.0   0.94217   0.00636
    730.0   0.94225   0.00646
    735.0   0.94194   0.00724
    740.0   0.94271   0.00659
    745.0   0.94094   0.00680
    750.0   0.94091   0.00663
    755.0   0.93963   0.00640
    760.0   0.94012   0.00676
    765.0   0.93887   0.00723
    770.0   0.94114   0.00804
    775.0   0.93900   0.00643
    780.0   0.93905   0.00594
    785.0   0.93867   0.00560
    790.0   0.93877   0.00556
    795.0   0.93802   0.00671
    800.0   0.93845   0.00783
    805.0   0.93857   0.00721
    810.0   0.93857   0.00731
    815.0   0.93761   0.00725
    820.0   0.93777   0.00704
    825.0   0.93808   0.00686
    830.0   0.93741   0.00752
    835.0   0.93776   0.00629
    840.0   0.93690   0.00641
    845.0   0.93730   0.00700
    850.0   0.93676   0.00717
    855.0   0.93684   0.00690
    860.0   0.93874   0.00645
    865.0   0.93788   0.00689
    870.0   0.93906   0.00548
    875.0   0.93715   0.00608
    880.0   0.93871   0.00646
    885.0   0.93779   0.00569
    890.0   0.93797   0.00590
    895.0   0.93963   0.00644
    900.0   0.93988   0.00613
    905.0   0.93890   0.00668
    910.0   0.93890   0.00623
    915.0   0.94034   0.00584
    920.0   0.93895   0.00626
    925.0   0.94076   0.00547
    930.0   0.93951   0.00522
    935.0   0.94073   0.00617
    940.0   0.94106   0.00635
    945.0   0.93987   0.00518
    950.0   0.94036   0.00539
    955.0   0.94040   0.00599
    960.0   0.94014   0.00625
    965.0   0.94037   0.00663
    970.0   0.94112   0.00665
    975.0   0.94084   0.00600
    980.0   0.93986   0.00566
    985.0   0.94085   0.00534
    990.0   0.94098   0.00518
    995.0   0.94043   0.00635
   1000.0   0.94035   0.00651
   1005.0   0.94086   0.00536
   1010.0   0.94110   0.00519
   1015.0   0.94057   0.00651
   1020.0   0.93964   0.00659
   1025.0   0.94130   0.00506
   1030.0   0.94035   0.00507
   1035.0   0.94125   0.00662
   1040.0   0.94198   0.00632
   1045.0   0.94240   0.00476
   1050.0   0.94087   0.00504
   1055.0   0.94163   0.00585
   1060.0   0.94233   0.00601
   1065.0   0.94248   0.00673
   1070.0   0.94245   0.00701
   1075.0   0.94310   0.00548
   1080.0   0.94366   0.00561
   1085.0   0.94445   0.00626
   1090.0   0.94459   0.00621
   1095.0   0.94445   0.00539
   1100.0   0.94531   0.00509
   1105.0   0.94498   0.00499
   1110.0   0.94508   0.00505
   1115.0   0.94600   0.00583
   1120.0   0.94624   0.00597
   1125.0   0.94621   0.00494
   1130.0   0.94567   0.00519
   1135.0   0.94590   0.00601
   1140.0   0.94674   0.00622
   1145.0   0.94746   0.00529
   1150.0   0.94816   0.00560
   1155.0   0.94798   0.00518
   1160.0   0.94783   0.00547
   1165.0   0.94823   0.00568
   1170.0   0.94807   0.00544
   1175.0   0.94871   0.00499
   1180.0   0.94814   0.00524
   1185.0   0.94920   0.00569
   1190.0   0.94915   0.00559
   1195.0   0.94981   0.00572
   1200.0   0.95020   0.00511
   1205.0   0.95278   0.00638
   1210.0   0.95352   0.00653
   1215.0   0.95148   0.00529
   1220.0   0.95132   0.00582
   1225.0   0.95177   0.00665
   1230.0   0.95193   0.00648
   1235.0   0.95338   0.00560
   1240.0   0.95374   0.00580
   1245.0   0.95324   0.00579
   1250.0   0.95348   0.00593
   1255.0   0.95381   0.00644
   1260.0   0.95289   0.00603
   1265.0   0.95266   0.00553
   1270.0   0.95358   0.00503
   1275.0   0.95283   0.00595
   1280.0   0.95269   0.00585
   1285.0   0.95223   0.00573
   1290.0   0.95220   0.00515
   1295.0   0.95237   0.00587
   1300.0   0.95246   0.00571
   1305.0   0.95252   0.00575
   1310.0   0.95239   0.00586
   1315.0   0.95212   0.00634
   1320.0   0.95238   0.00663
   1325.0   0.95250   0.00559
   1330.0   0.95266   0.00571
   1335.0   0.95310   0.00522
   1340.0   0.95296   0.00496
   1345.0   0.95326   0.00599
   1350.0   0.95362   0.00595
   1355.0   0.95294   0.00525
   1360.0   0.95242   0.00544
   1365.0   0.95238   0.00512
   1370.0   0.95337   0.00540
   1375.0   0.95163   0.00608
   1380.0   0.95226   0.00593
   1385.0   0.95318   0.00515
   1390.0   0.95325   0.00530
   1395.0   0.95170   0.00608
   1400.0   0.95132   0.00599
   1405.0   0.95083   0.00587
   1410.0   0.95087   0.00544
   1415.0   0.95088   0.00484
   1420.0   0.95071   0.00487
   1425.0   0.95141   0.00542
   1430.0   0.95318   0.00525
   1435.0   0.95196   0.00511
   1440.0   0.95324   0.00523
   1445.0   0.95356   0.00532
   1450.0   0.95342   0.00562
   1455.0   0.95282   0.00552
   1460.0   0.95375   0.00497
   1465.0   0.95352   0.00530
   1470.0   0.95366   0.00515
   1475.0   0.95356   0.00578
   1480.0   0.95373   0.00624
   1485.0   0.95451   0.00541
   1490.0   0.95482   0.00526
   1495.0   0.95496   0.00485
   1500.0   0.95517   0.00494
   1505.0   0.95521   0.00560
   1510.0   0.95556   0.00568
   1515.0   0.95589   0.00484
   1520.0   0.95595   0.00482
   1525.0   0.95550   0.00533
   1530.0   0.95625   0.00544
   1535.0   0.95601   0.00532
   1540.0   0.95619   0.00507
   1545.0   0.95699   0.00459
   1550.0   0.95659   0.00490
   1555.0   0.95709   0.00500
   1560.0   0.95681   0.00538
   1565.0   0.95745   0.00582
   1570.0   0.95749   0.00592
   1575.0   0.95740   0.00478
   1580.0   0.95757   0.00495
   1585.0   0.95885   0.00464
   1590.0   0.95820   0.00472
   1595.0   0.95714   0.00573
   1600.0   0.95859   0.00552
   1605.0   0.95798   0.00590
   1610.0   0.95889   0.00585
   1615.0   0.95860   0.00497
   1620.0   0.95935   0.00483
   1625.0   0.95850   0.00545
   1630.0   0.95882   0.00570
   1635.0   0.95836   0.00505
   1640.0   0.95814   0.00499
   1645.0   0.95838   0.00533
   1650.0   0.95893   0.00511
   1655.0   0.95964   0.00569
   1660.0   0.95935   0.00616
   1665.0   0.95577   0.00551
   1670.0   0.95622   0.00577
   1675.0   0.95564   0.00479
   1680.0   0.95591   0.00463
   1685.0   0.95595   0.00498
   1690.0   0.95540   0.00478
   1695.0   0.95609   0.00566
   1700.0   0.95855   0.00569
   1705.0   0.95651   0.00503
   1710.0   0.95695   0.00492
   1715.0   0.95691   0.00500
   1720.0   0.95642   0.00506
   1725.0   0.95693   0.00537
   1730.0   0.95679   0.00561
   1735.0   0.95671   0.00457
   1740.0   0.95688   0.00458
   1745.0   0.95683   0.00514
   1750.0   0.95688   0.00470
   1755.0   0.95728   0.00481
   1760.0   0.95689   0.00562
   1765.0   0.95629   0.00540
   1770.0   0.95713   0.00540
   1775.0   0.95687   0.00617
   1780.0   0.95714   0.00634
   1785.0   0.95767   0.00501
   1790.0   0.95711   0.00490
   1795.0   0.95722   0.00621
   1800.0   0.95774   0.00585
   1805.0   0.95827   0.00514
   1810.0   0.95817   0.00569
   1815.0   0.95757   0.00537
   1820.0   0.95953   0.00553
   1825.0   0.95797   0.00645
   1830.0   0.95820   0.00593
   1835.0   0.95790   0.00525
   1840.0   0.95764   0.00525
   1845.0   0.95744   0.00574
   1850.0   0.95645   0.00623
   1855.0   0.95592   0.00536
   1860.0   0.95674   0.00517
   1865.0   0.95582   0.00554
   1870.0   0.95438   0.00622
   1875.0   0.95428   0.00548
   1880.0   0.95376   0.00594
   1885.0   0.95161   0.00521
   1890.0   0.95215   0.00512
   1895.0   0.95250   0.00573
   1900.0   0.95148   0.00579
   1905.0   0.95038   0.00483
   1910.0   0.95041   0.00522
   1915.0   0.94863   0.00572
   1920.0   0.95076   0.00596
   1925.0   0.94550   0.00640
   1930.0   0.94707   0.00649
   1935.0   0.94715   0.00565
   1940.0   0.94799   0.00540
   1945.0   0.94749   0.00595
   1950.0   0.94763   0.00557
   1955.0   0.94730   0.00563
   1960.0   0.94684   0.00600
   1965.0   0.94797   0.00650
   1970.0   0.94692   0.00636
   1975.0   0.94851   0.00559
   1980.0   0.94819   0.00533
   1985.0   0.94867   0.00514
   1990.0   0.94847   0.00558
   1995.0   0.94706   0.00564
   2000.0   0.94712   0.00535
   2005.0   0.94875   0.00569
   2010.0   0.94723   0.00597
   2015.0   0.94864   0.00579
   2020.0   0.94839   0.00538
   2025.0   0.94919   0.00615
   2030.0   0.94761   0.00592
   2035.0   0.94789   0.00521
   2040.0   0.94792   0.00485
   2045.0   0.94730   0.00557
   2050.0   0.94748   0.00561
   2055.0   0.94774   0.00548
   2060.0   0.94721   0.00539
   2065.0   0.94669   0.00541
   2070.0   0.94693   0.00500
   2075.0   0.94780   0.00552
   2080.0   0.94637   0.00596
   2085.0   0.94667   0.00540
   2090.0   0.94626   0.00575
   2095.0   0.94567   0.00614
   2100.0   0.94474   0.00605
   2105.0   0.94492   0.00538
   2110.0   0.94538   0.00577
   2115.0   0.94613   0.00587
   2120.0   0.94469   0.00558
   2125.0   0.94590   0.00552
   2130.0   0.94565   0.00568
   2135.0   0.94637   0.00624
   2140.0   0.94461   0.00597
   2145.0   0.94551   0.00592
   2150.0   0.94519   0.00582
   2155.0   0.94604   0.00619
   2160.0   0.94609   0.00588
   2165.0   0.94668   0.00658
   2170.0   0.94780   0.00671
   2175.0   0.94771   0.00531
   2180.0   0.94724   0.00511
   2185.0   0.94815   0.00557
   2190.0   0.94937   0.00535
   2195.0   0.94945   0.00544
   2200.0   0.94928   0.00548
   2205.0   0.94962   0.00609
   2210.0   0.94948   0.00598
   2215.0   0.94998   0.00523
   2220.0   0.94916   0.00496
   2225.0   0.94894   0.00582
   2230.0   0.94868   0.00598
   2235.0   0.94814   0.00538
   2240.0   0.94777   0.00484
   2245.0   0.94849   0.00575
   2250.0   0.94744   0.00564
   2255.0   0.94651   0.00530
   2260.0   0.94670   0.00520
   2265.0   0.94610   0.00575
   2270.0   0.94640   0.00579
   2275.0   0.94749   0.00632
   2280.0   0.94625   0.00573
   2285.0   0.94588   0.00502
   2290.0   0.94571   0.00515
   2295.0   0.94493   0.00572
   2300.0   0.94374   0.00629
   2305.0   0.94328   0.00546
   2310.0   0.94312   0.00565
   2315.0   0.94326   0.00591
   2320.0   0.94249   0.00657
   2325.0   0.94248   0.00555
   2330.0   0.94242   0.00588
   2335.0   0.94235   0.00588
   2340.0   0.94182   0.00586
   2345.0   0.94053   0.00665
   2350.0   0.94059   0.00648
   2355.0   0.93835   0.00555
   2360.0   0.94023   0.00543
   2365.0   0.93922   0.00631
   2370.0   0.93892   0.00600
   2375.0   0.93855   0.00595
   2380.0   0.93698   0.00580
   2385.0   0.93966   0.00643
   2390.0   0.93786   0.00616
   2395.0   0.93836   0.00579
   2400.0   0.93893   0.00652
   2405.0   0.93899   0.00595
   2410.0   0.93895   0.00626
   2415.0   0.93928   0.00625
   2420.0   0.93891   0.00682
   2425.0   0.93587   0.00622
   2430.0   0.93591   0.00608
   2435.0   0.93736   0.00632
   2440.0   0.93550   0.00647
   2445.0   0.93668   0.00550
   2450.0   0.93586   0.00557
   2455.0   0.93581   0.00624
   2460.0   0.93642   0.00594
   2465.0   0.93402   0.00712
   2470.0   0.93541   0.00645
   2475.0   0.93390   0.00633
   2480.0   0.93775   0.00630
   2485.0   0.93652   0.00484
   2490.0   0.93487   0.00507
   2495.0   0.93758   0.00610
   2500.0   0.93240   0.00589
   2505.0   0.93340   0.00568
   2510.0   0.93196   0.00569
   2515.0   0.93187   0.00589
   2520.0   0.93189   0.00645
   2525.0   0.93161   0.00604
   2530.0   0.93092   0.00556
   2535.0   0.93229   0.00615
   2540.0   0.93234   0.00678
   2545.0   0.92965   0.00638
   2550.0   0.93362   0.00701
   2555.0   0.93131   0.00684
   2560.0   0.92916   0.00611
   2565.0   0.92940   0.00765
   2570.0   0.93027   0.00705
   2575.0   0.92783   0.00692
   2580.0   0.92762   0.00595
   2585.0   0.93296   0.00829
   2590.0   0.92793   0.00864
   2595.0   0.93725   0.00896
   2600.0   0.94708   0.00857
