   461
    300.0   0.03311   0.18883
    305.0   0.03650   0.12518
    310.0   0.03343   0.09006
    315.0   0.03300   0.06814
    320.0   0.03434   0.05317
    325.0   0.03455   0.04214
    330.0   0.03482   0.03419
    335.0   0.03607   0.02802
    340.0   0.03672   0.02306
    345.0   0.03735   0.01897
    350.0   0.03765   0.01550
    355.0   0.03811   0.01273
    360.0   0.03827   0.01053
    365.0   0.03854   0.00878
    370.0   0.03891   0.00759
    375.0   0.03920   0.00669
    380.0   0.03940   0.00615
    385.0   0.03981   0.00609
    390.0   0.04028   0.00672
    395.0   0.04056   0.00839
    400.0   0.03982   0.00369
    405.0   0.04007   0.00290
    410.0   0.04003   0.00232
    415.0   0.04021   0.00201
    420.0   0.04040   0.00173
    425.0   0.04060   0.00161
    430.0   0.04085   0.00147
    435.0   0.04097   0.00138
    440.0   0.04125   0.00130
    445.0   0.04161   0.00123
    450.0   0.04178   0.00120
    455.0   0.04200   0.00117
    460.0   0.04217   0.00113
    465.0   0.04248   0.00109
    470.0   0.04271   0.00113
    475.0   0.04285   0.00106
    480.0   0.04307   0.00105
    485.0   0.04333   0.00106
    490.0   0.04358   0.00107
    495.0   0.04384   0.00104
    500.0   0.04403   0.00107
    505.0   0.04436   0.00100
    510.0   0.04467   0.00102
    515.0   0.04504   0.00102
    520.0   0.04536   0.00106
    525.0   0.04567   0.00103
    530.0   0.04609   0.00102
    535.0   0.04642   0.00105
    540.0   0.04670   0.00102
    545.0   0.04705   0.00103
    550.0   0.04733   0.00101
    555.0   0.04741   0.00104
    560.0   0.04765   0.00104
    565.0   0.04791   0.00106
    570.0   0.04821   0.00106
    575.0   0.04851   0.00106
    580.0   0.04878   0.00107
    585.0   0.04908   0.00109
    590.0   0.04932   0.00106
    595.0   0.04961   0.00104
    600.0   0.04991   0.00109
    605.0   0.05024   0.00106
    610.0   0.05054   0.00110
    615.0   0.05093   0.00109
    620.0   0.05126   0.00108
    625.0   0.05156   0.00109
    630.0   0.05187   0.00110
    635.0   0.05216   0.00110
    640.0   0.05237   0.00111
    645.0   0.05259   0.00111
    650.0   0.05282   0.00113
    655.0   0.05291   0.00113
    660.0   0.05317   0.00112
    665.0   0.05333   0.00115
    670.0   0.05350   0.00117
    675.0   0.05373   0.00116
    680.0   0.05390   0.00118
    685.0   0.05405   0.00121
    690.0   0.05423   0.00118
    695.0   0.05448   0.00119
    700.0   0.05465   0.00120
    705.0   0.05484   0.00121
    710.0   0.05499   0.00125
    715.0   0.05516   0.00122
    720.0   0.05540   0.00128
    725.0   0.05583   0.00126
    730.0   0.05602   0.00126
    735.0   0.05614   0.00129
    740.0   0.05633   0.00132
    745.0   0.05653   0.00134
    750.0   0.05668   0.00133
    755.0   0.05683   0.00133
    760.0   0.05700   0.00141
    765.0   0.05714   0.00143
    770.0   0.05730   0.00146
    775.0   0.05743   0.00147
    780.0   0.05758   0.00152
    785.0   0.05804   0.00155
    790.0   0.05820   0.00161
    795.0   0.05839   0.00165
    800.0   0.05940   0.00342
    805.0   0.05923   0.00356
    810.0   0.05943   0.00347
    815.0   0.05995   0.00351
    820.0   0.05998   0.00348
    825.0   0.05998   0.00362
    830.0   0.06042   0.00349
    835.0   0.06069   0.00338
    840.0   0.06054   0.00325
    845.0   0.06079   0.00314
    850.0   0.06114   0.00311
    855.0   0.06105   0.00389
    860.0   0.06092   0.00365
    865.0   0.06094   0.00368
    870.0   0.06074   0.00355
    875.0   0.06074   0.00351
    880.0   0.06137   0.00306
    885.0   0.06121   0.00268
    890.0   0.06156   0.00276
    895.0   0.06130   0.00263
    900.0   0.06168   0.00248
    905.0   0.06209   0.00314
    910.0   0.06147   0.00259
    915.0   0.06141   0.00264
    920.0   0.06192   0.00240
    925.0   0.06184   0.00256
    930.0   0.06222   0.00261
    935.0   0.06215   0.00251
    940.0   0.06230   0.00236
    945.0   0.06200   0.00224
    950.0   0.06241   0.00239
    955.0   0.06289   0.00279
    960.0   0.06294   0.00271
    965.0   0.06275   0.00252
    970.0   0.06333   0.00260
    975.0   0.06320   0.00256
    980.0   0.06314   0.00252
    985.0   0.06367   0.00255
    990.0   0.06337   0.00259
    995.0   0.06345   0.00245
   1000.0   0.06368   0.00260
   1005.0   0.06364   0.00258
   1010.0   0.06429   0.00257
   1015.0   0.06408   0.00253
   1020.0   0.06417   0.00255
   1025.0   0.06459   0.00243
   1030.0   0.06483   0.00249
   1035.0   0.06481   0.00261
   1040.0   0.06520   0.00259
   1045.0   0.06538   0.00259
   1050.0   0.06551   0.00260
   1055.0   0.06578   0.00258
   1060.0   0.06612   0.00259
   1065.0   0.06621   0.00255
   1070.0   0.06650   0.00270
   1075.0   0.06673   0.00229
   1080.0   0.06723   0.00245
   1085.0   0.06745   0.00237
   1090.0   0.06773   0.00228
   1095.0   0.06803   0.00248
   1100.0   0.06857   0.00243
   1105.0   0.06866   0.00235
   1110.0   0.06911   0.00247
   1115.0   0.06962   0.00262
   1120.0   0.07009   0.00240
   1125.0   0.07046   0.00249
   1130.0   0.07077   0.00247
   1135.0   0.07135   0.00246
   1140.0   0.07153   0.00235
   1145.0   0.07189   0.00252
   1150.0   0.07216   0.00238
   1155.0   0.07284   0.00240
   1160.0   0.07293   0.00245
   1165.0   0.07354   0.00247
   1170.0   0.07367   0.00250
   1175.0   0.07392   0.00252
   1180.0   0.07451   0.00248
   1185.0   0.07447   0.00245
   1190.0   0.07503   0.00246
   1195.0   0.07557   0.00253
   1200.0   0.07579   0.00262
   1205.0   0.07592   0.00326
   1210.0   0.07637   0.00335
   1215.0   0.07651   0.00291
   1220.0   0.07695   0.00314
   1225.0   0.07726   0.00296
   1230.0   0.07804   0.00288
   1235.0   0.07791   0.00277
   1240.0   0.07833   0.00287
   1245.0   0.07846   0.00297
   1250.0   0.07889   0.00265
   1255.0   0.07915   0.00273
   1260.0   0.07956   0.00266
   1265.0   0.07971   0.00264
   1270.0   0.08032   0.00263
   1275.0   0.08056   0.00266
   1280.0   0.08111   0.00274
   1285.0   0.08156   0.00240
   1290.0   0.08199   0.00271
   1295.0   0.08216   0.00257
   1300.0   0.08265   0.00253
   1305.0   0.08317   0.00260
   1310.0   0.08357   0.00264
   1315.0   0.08405   0.00252
   1320.0   0.08473   0.00258
   1325.0   0.08520   0.00265
   1330.0   0.08566   0.00273
   1335.0   0.08634   0.00265
   1340.0   0.08680   0.00268
   1345.0   0.08742   0.00258
   1350.0   0.08862   0.00258
   1355.0   0.09025   0.00287
   1360.0   0.09095   0.00296
   1365.0   0.09226   0.00279
   1370.0   0.09254   0.00288
   1375.0   0.09222   0.00273
   1380.0   0.09338   0.00307
   1385.0   0.09493   0.00294
   1390.0   0.09431   0.00295
   1395.0   0.09538   0.00280
   1400.0   0.09611   0.00300
   1405.0   0.09648   0.00287
   1410.0   0.09722   0.00287
   1415.0   0.09758   0.00304
   1420.0   0.09777   0.00303
   1425.0   0.09850   0.00296
   1430.0   0.09905   0.00294
   1435.0   0.09972   0.00298
   1440.0   0.10052   0.00317
   1445.0   0.10095   0.00329
   1450.0   0.10139   0.00305
   1455.0   0.10256   0.00314
   1460.0   0.10309   0.00307
   1465.0   0.10353   0.00308
   1470.0   0.10446   0.00296
   1475.0   0.10529   0.00310
   1480.0   0.10627   0.00333
   1485.0   0.10672   0.00327
   1490.0   0.10770   0.00334
   1495.0   0.10804   0.00310
   1500.0   0.10890   0.00332
   1505.0   0.10986   0.00346
   1510.0   0.11039   0.00347
   1515.0   0.11135   0.00324
   1520.0   0.11213   0.00329
   1525.0   0.11256   0.00341
   1530.0   0.11342   0.00331
   1535.0   0.11421   0.00328
   1540.0   0.11506   0.00347
   1545.0   0.11591   0.00349
   1550.0   0.11699   0.00338
   1555.0   0.11799   0.00366
   1560.0   0.11840   0.00364
   1565.0   0.11915   0.00342
   1570.0   0.11954   0.00336
   1575.0   0.12020   0.00355
   1580.0   0.12108   0.00359
   1585.0   0.12213   0.00363
   1590.0   0.12270   0.00383
   1595.0   0.12355   0.00383
   1600.0   0.12414   0.00379
   1605.0   0.12466   0.00360
   1610.0   0.12582   0.00365
   1615.0   0.12671   0.00356
   1620.0   0.12717   0.00370
   1625.0   0.12794   0.00350
   1630.0   0.12830   0.00384
   1635.0   0.12957   0.00381
   1640.0   0.12961   0.00386
   1645.0   0.13082   0.00361
   1650.0   0.13142   0.00390
   1655.0   0.13170   0.00384
   1660.0   0.13292   0.00392
   1665.0   0.13387   0.00389
   1670.0   0.13438   0.00379
   1675.0   0.13499   0.00404
   1680.0   0.13587   0.00403
   1685.0   0.13622   0.00397
   1690.0   0.13702   0.00402
   1695.0   0.13819   0.00400
   1700.0   0.13788   0.00336
   1705.0   0.13892   0.00335
   1710.0   0.13979   0.00326
   1715.0   0.14081   0.00325
   1720.0   0.14134   0.00340
   1725.0   0.14208   0.00352
   1730.0   0.14278   0.00329
   1735.0   0.14360   0.00333
   1740.0   0.14447   0.00328
   1745.0   0.14497   0.00331
   1750.0   0.14567   0.00334
   1755.0   0.14677   0.00244
   1760.0   0.14729   0.00251
   1765.0   0.14869   0.00265
   1770.0   0.14862   0.00251
   1775.0   0.14955   0.00257
   1780.0   0.15018   0.00251
   1785.0   0.15118   0.00258
   1790.0   0.15217   0.00262
   1795.0   0.15282   0.00245
   1800.0   0.15327   0.00260
   1805.0   0.15407   0.00290
   1810.0   0.15520   0.00266
   1815.0   0.15482   0.00277
   1820.0   0.15611   0.00269
   1825.0   0.15623   0.00278
   1830.0   0.15734   0.00264
   1835.0   0.15800   0.00276
   1840.0   0.15851   0.00283
   1845.0   0.15915   0.00289
   1850.0   0.15941   0.00284
   1855.0   0.16018   0.00307
   1860.0   0.16139   0.00277
   1865.0   0.16183   0.00281
   1870.0   0.16210   0.00311
   1875.0   0.16299   0.00319
   1880.0   0.16370   0.00260
   1885.0   0.16377   0.00283
   1890.0   0.16503   0.00281
   1895.0   0.16603   0.00286
   1900.0   0.16638   0.00315
   1905.0   0.16679   0.00288
   1910.0   0.16748   0.00270
   1915.0   0.16763   0.00298
   1920.0   0.16892   0.00283
   1925.0   0.16795   0.00288
   1930.0   0.16991   0.00299
   1935.0   0.17112   0.00304
   1940.0   0.17139   0.00306
   1945.0   0.17222   0.00285
   1950.0   0.17304   0.00290
   1955.0   0.17448   0.00291
   1960.0   0.17496   0.00283
   1965.0   0.17560   0.00292
   1970.0   0.17608   0.00281
   1975.0   0.17711   0.00277
   1980.0   0.17773   0.00297
   1985.0   0.17856   0.00340
   1990.0   0.17943   0.00305
   1995.0   0.18001   0.00303
   2000.0   0.18035   0.00283
   2005.0   0.18060   0.00243
   2010.0   0.18083   0.00248
   2015.0   0.18208   0.00234
   2020.0   0.18231   0.00246
   2025.0   0.18286   0.00241
   2030.0   0.18407   0.00263
   2035.0   0.18424   0.00265
   2040.0   0.18511   0.00229
   2045.0   0.18568   0.00275
   2050.0   0.18635   0.00256
   2055.0   0.18698   0.00251
   2060.0   0.18754   0.00256
   2065.0   0.18800   0.00233
   2070.0   0.18842   0.00248
   2075.0   0.18973   0.00256
   2080.0   0.19019   0.00263
   2085.0   0.19052   0.00274
   2090.0   0.19205   0.00262
   2095.0   0.19249   0.00277
   2100.0   0.19243   0.00252
   2105.0   0.19274   0.00267
   2110.0   0.19368   0.00256
   2115.0   0.19423   0.00249
   2120.0   0.19489   0.00271
   2125.0   0.19577   0.00263
   2130.0   0.19637   0.00249
   2135.0   0.19715   0.00255
   2140.0   0.19776   0.00253
   2145.0   0.19824   0.00292
   2150.0   0.19874   0.00264
   2155.0   0.19959   0.00256
   2160.0   0.20035   0.00266
   2165.0   0.20099   0.00247
   2170.0   0.20101   0.00296
   2175.0   0.20225   0.00272
   2180.0   0.20286   0.00283
   2185.0   0.20359   0.00285
   2190.0   0.20411   0.00264
   2195.0   0.20509   0.00289
   2200.0   0.20555   0.00292
   2205.0   0.20644   0.00285
   2210.0   0.20702   0.00302
   2215.0   0.20765   0.00302
   2220.0   0.20876   0.00298
   2225.0   0.20944   0.00279
   2230.0   0.20969   0.00292
   2235.0   0.21059   0.00298
   2240.0   0.21105   0.00329
   2245.0   0.21185   0.00315
   2250.0   0.21168   0.00278
   2255.0   0.21270   0.00281
   2260.0   0.21303   0.00271
   2265.0   0.21360   0.00313
   2270.0   0.21401   0.00307
   2275.0   0.21445   0.00323
   2280.0   0.21446   0.00311
   2285.0   0.21524   0.00289
   2290.0   0.21635   0.00303
   2295.0   0.21646   0.00306
   2300.0   0.21725   0.00320
   2305.0   0.21781   0.00332
   2310.0   0.21803   0.00306
   2315.0   0.21858   0.00288
   2320.0   0.21919   0.00296
   2325.0   0.21947   0.00315
   2330.0   0.21978   0.00311
   2335.0   0.22027   0.00327
   2340.0   0.22151   0.00310
   2345.0   0.22179   0.00335
   2350.0   0.22239   0.00327
   2355.0   0.22341   0.00364
   2360.0   0.22354   0.00296
   2365.0   0.22431   0.00341
   2370.0   0.22505   0.00333
   2375.0   0.22552   0.00310
   2380.0   0.22618   0.00342
   2385.0   0.22660   0.00347
   2390.0   0.22698   0.00331
   2395.0   0.22795   0.00319
   2400.0   0.22834   0.00335
   2405.0   0.22932   0.00352
   2410.0   0.22965   0.00348
   2415.0   0.23122   0.00339
   2420.0   0.23059   0.00372
   2425.0   0.23016   0.00363
   2430.0   0.23052   0.00351
   2435.0   0.23178   0.00357
   2440.0   0.23182   0.00351
   2445.0   0.23308   0.00343
   2450.0   0.23382   0.00350
   2455.0   0.23394   0.00367
   2460.0   0.23547   0.00341
   2465.0   0.23577   0.00353
   2470.0   0.23697   0.00332
   2475.0   0.23580   0.00330
   2480.0   0.23735   0.00327
   2485.0   0.23797   0.00294
   2490.0   0.23855   0.00282
   2495.0   0.24004   0.00312
   2500.0   0.24041   0.00328
   2505.0   0.24126   0.00328
   2510.0   0.24098   0.00329
   2515.0   0.24203   0.00304
   2520.0   0.24279   0.00310
   2525.0   0.24309   0.00352
   2530.0   0.24322   0.00315
   2535.0   0.24407   0.00358
   2540.0   0.24450   0.00324
   2545.0   0.24346   0.00371
   2550.0   0.24601   0.00370
   2555.0   0.24510   0.00335
   2560.0   0.24509   0.00372
   2565.0   0.24603   0.00488
   2570.0   0.24729   0.00400
   2575.0   0.24657   0.00433
   2580.0   0.24728   0.00398
   2585.0   0.25049   0.00512
   2590.0   0.24764   0.00443
   2595.0   0.24635   0.00499
   2600.0   0.24829   0.00436

