   455
    280.0   0.03278   0.01052
    285.0   0.03086   0.00391
    290.0   0.03012   0.00210
    295.0   0.03008   0.00160
    300.0   0.03044   0.00145
    305.0   0.03038   0.00127
    310.0   0.03083   0.00120
    315.0   0.03128   0.00114
    320.0   0.03192   0.00117
    325.0   0.03243   0.00114
    330.0   0.03284   0.00113
    335.0   0.03310   0.00114
    340.0   0.03327   0.00117
    345.0   0.03348   0.00115
    350.0   0.03389   0.00114
    355.0   0.03424   0.00120
    360.0   0.03476   0.00128
    365.0   0.03495   0.00119
    370.0   0.03542   0.00116
    375.0   0.03584   0.00113
    380.0   0.03634   0.00114
    385.0   0.03688   0.00117
    390.0   0.03766   0.00122
    395.0   0.03826   0.00121
    400.0   0.03883   0.00136
    405.0   0.03923   0.00132
    410.0   0.03974   0.00137
    415.0   0.04015   0.00135
    420.0   0.04072   0.00135
    425.0   0.04108   0.00137
    430.0   0.04167   0.00145
    435.0   0.04230   0.00151
    440.0   0.04281   0.00148
    445.0   0.04336   0.00145
    450.0   0.04366   0.00150
    455.0   0.04395   0.00156
    460.0   0.04423   0.00149
    465.0   0.04456   0.00149
    470.0   0.04477   0.00150
    475.0   0.04514   0.00148
    480.0   0.04566   0.00151
    485.0   0.04605   0.00154
    490.0   0.04644   0.00150
    495.0   0.04701   0.00150
    500.0   0.04740   0.00163
    505.0   0.04815   0.00149
    510.0   0.04867   0.00153
    515.0   0.04935   0.00157
    520.0   0.04992   0.00152
    525.0   0.05047   0.00157
    530.0   0.05098   0.00160
    535.0   0.05153   0.00156
    540.0   0.05220   0.00156
    545.0   0.05261   0.00152
    550.0   0.05315   0.00160
    555.0   0.05369   0.00157
    560.0   0.05425   0.00161
    565.0   0.05485   0.00161
    570.0   0.05523   0.00159
    575.0   0.05591   0.00162
    580.0   0.05635   0.00161
    585.0   0.05696   0.00161
    590.0   0.05746   0.00162
    595.0   0.05810   0.00163
    600.0   0.05858   0.00165
    605.0   0.05915   0.00167
    610.0   0.05970   0.00163
    615.0   0.06035   0.00163
    620.0   0.06103   0.00164
    625.0   0.06154   0.00169
    630.0   0.06207   0.00170
    635.0   0.06271   0.00172
    640.0   0.06340   0.00175
    645.0   0.06393   0.00173
    650.0   0.06481   0.00169
    655.0   0.06527   0.00174
    660.0   0.06575   0.00187
    665.0   0.06647   0.00177
    670.0   0.06743   0.00180
    675.0   0.06804   0.00184
    680.0   0.06886   0.00182
    685.0   0.06954   0.00185
    690.0   0.07042   0.00181
    695.0   0.07143   0.00182
    700.0   0.07172   0.00187
    705.0   0.07269   0.00181
    710.0   0.07326   0.00186
    715.0   0.07403   0.00183
    720.0   0.07489   0.00179
    725.0   0.07573   0.00176
    730.0   0.07593   0.00186
    735.0   0.07708   0.00184
    740.0   0.07768   0.00185
    745.0   0.07858   0.00181
    750.0   0.07894   0.00182
    755.0   0.07996   0.00190
    760.0   0.08044   0.00184
    765.0   0.08128   0.00181
    770.0   0.08190   0.00197
    775.0   0.08275   0.00191
    780.0   0.08339   0.00187
    785.0   0.08412   0.00186
    790.0   0.08476   0.00185
    795.0   0.08547   0.00191
    800.0   0.08587   0.00524
    805.0   0.08648   0.00510
    810.0   0.08706   0.00500
    815.0   0.08792   0.00475
    820.0   0.08859   0.00462
    825.0   0.08933   0.00481
    830.0   0.09015   0.00440
    835.0   0.09103   0.00428
    840.0   0.09163   0.00393
    845.0   0.09224   0.00389
    850.0   0.09318   0.00355
    855.0   0.09421   0.00480
    860.0   0.09489   0.00440
    865.0   0.09553   0.00408
    870.0   0.09620   0.00400
    875.0   0.09684   0.00326
    880.0   0.09752   0.00369
    885.0   0.09820   0.00275
    890.0   0.09897   0.00277
    895.0   0.09976   0.00283
    900.0   0.10062   0.00271
    905.0   0.10145   0.00244
    910.0   0.10251   0.00255
    915.0   0.10338   0.00269
    920.0   0.10418   0.00259
    925.0   0.10496   0.00266
    930.0   0.10567   0.00300
    935.0   0.10612   0.00274
    940.0   0.10654   0.00242
    945.0   0.10701   0.00350
    950.0   0.10746   0.00307
    955.0   0.10781   0.00288
    960.0   0.10837   0.00302
    965.0   0.10898   0.00296
    970.0   0.10957   0.00302
    975.0   0.11014   0.00266
    980.0   0.11084   0.00273
    985.0   0.11148   0.00334
    990.0   0.11210   0.00323
    995.0   0.11261   0.00327
   1000.0   0.11307   0.00290
   1005.0   0.11354   0.00303
   1010.0   0.11405   0.00290
   1015.0   0.11463   0.00305
   1020.0   0.11514   0.00266
   1025.0   0.11576   0.00293
   1030.0   0.11636   0.00268
   1035.0   0.11688   0.00278
   1040.0   0.11751   0.00255
   1045.0   0.11811   0.00261
   1050.0   0.11859   0.00274
   1055.0   0.11912   0.00288
   1060.0   0.11971   0.00271
   1065.0   0.12022   0.00252
   1070.0   0.12079   0.00254
   1075.0   0.12134   0.00268
   1080.0   0.12189   0.00280
   1085.0   0.12234   0.00376
   1090.0   0.12279   0.00352
   1095.0   0.12331   0.00328
   1100.0   0.12398   0.00311
   1105.0   0.12446   0.00321
   1110.0   0.12497   0.00345
   1115.0   0.12556   0.00325
   1120.0   0.12601   0.00317
   1125.0   0.12645   0.00346
   1130.0   0.12701   0.00318
   1135.0   0.12764   0.00329
   1140.0   0.12824   0.00318
   1145.0   0.12885   0.00314
   1150.0   0.12949   0.00342
   1155.0   0.13005   0.00307
   1160.0   0.13058   0.00354
   1165.0   0.13111   0.00297
   1170.0   0.13153   0.00349
   1175.0   0.13203   0.00309
   1180.0   0.13261   0.00283
   1185.0   0.13318   0.00271
   1190.0   0.13375   0.00293
   1195.0   0.13441   0.00278
   1200.0   0.13481   0.00287
   1205.0   0.13523   0.00262
   1210.0   0.13582   0.00308
   1215.0   0.13621   0.00276
   1220.0   0.13669   0.00285
   1225.0   0.13725   0.00284
   1230.0   0.13779   0.00279
   1235.0   0.13808   0.00287
   1240.0   0.13854   0.00324
   1245.0   0.13900   0.00267
   1250.0   0.13952   0.00262
   1255.0   0.14004   0.00280
   1260.0   0.14063   0.00249
   1265.0   0.14115   0.00264
   1270.0   0.14157   0.00277
   1275.0   0.14195   0.00278
   1280.0   0.14234   0.00281
   1285.0   0.14291   0.00385
   1290.0   0.14339   0.00371
   1295.0   0.14400   0.00347
   1300.0   0.14444   0.00350
   1305.0   0.14499   0.00368
   1310.0   0.14548   0.00335
   1315.0   0.14612   0.00337
   1320.0   0.14661   0.00363
   1325.0   0.14706   0.00312
   1330.0   0.14745   0.00338
   1335.0   0.14788   0.00322
   1340.0   0.14812   0.00356
   1345.0   0.14847   0.00311
   1350.0   0.14888   0.00361
   1355.0   0.14934   0.00367
   1360.0   0.14975   0.00351
   1365.0   0.15027   0.00370
   1370.0   0.15050   0.00354
   1375.0   0.15103   0.00369
   1380.0   0.15111   0.00379
   1385.0   0.15142   0.00362
   1390.0   0.15171   0.00344
   1395.0   0.15207   0.00350
   1400.0   0.15211   0.00331
   1405.0   0.15258   0.00330
   1410.0   0.15316   0.00300
   1415.0   0.15365   0.00331
   1420.0   0.15410   0.00303
   1425.0   0.15476   0.00329
   1430.0   0.15550   0.00316
   1435.0   0.15607   0.00292
   1440.0   0.15661   0.00316
   1445.0   0.15719   0.00297
   1450.0   0.15759   0.00287
   1455.0   0.15803   0.00269
   1460.0   0.15853   0.00288
   1465.0   0.15907   0.00290
   1470.0   0.15942   0.00277
   1475.0   0.15994   0.00285
   1480.0   0.16034   0.00313
   1485.0   0.16079   0.00295
   1490.0   0.16114   0.00314
   1495.0   0.16155   0.00304
   1500.0   0.16190   0.00288
   1505.0   0.16231   0.00303
   1510.0   0.16255   0.00308
   1515.0   0.16306   0.00303
   1520.0   0.16347   0.00300
   1525.0   0.16380   0.00300
   1530.0   0.16422   0.00283
   1535.0   0.16457   0.00300
   1540.0   0.16493   0.00279
   1545.0   0.16544   0.00296
   1550.0   0.16591   0.00292
   1555.0   0.16629   0.00271
   1560.0   0.16690   0.00304
   1565.0   0.16719   0.00304
   1570.0   0.16766   0.00322
   1575.0   0.16798   0.00282
   1580.0   0.16831   0.00294
   1585.0   0.16861   0.00300
   1590.0   0.16908   0.00286
   1595.0   0.16940   0.00309
   1600.0   0.16984   0.00274
   1605.0   0.17018   0.00323
   1610.0   0.17061   0.00296
   1615.0   0.17102   0.00269
   1620.0   0.17135   0.00294
   1625.0   0.17154   0.00308
   1630.0   0.17182   0.00300
   1635.0   0.17217   0.00309
   1640.0   0.17241   0.00285
   1645.0   0.17278   0.00350
   1650.0   0.17339   0.00222
   1655.0   0.17370   0.00232
   1660.0   0.17399   0.00225
   1665.0   0.17438   0.00227
   1670.0   0.17474   0.00203
   1675.0   0.17516   0.00214
   1680.0   0.17556   0.00232
   1685.0   0.17594   0.00201
   1690.0   0.17624   0.00194
   1695.0   0.17662   0.00216
   1700.0   0.17703   0.00197
   1705.0   0.17726   0.00084
   1710.0   0.17758   0.00117
   1715.0   0.17787   0.00097
   1720.0   0.17803   0.00040
   1725.0   0.17845   0.00049
   1730.0   0.17875   0.00093
   1735.0   0.17898   0.00021
   1740.0   0.17931   0.00028
   1745.0   0.17954   0.00055
   1750.0   0.17981   0.00051
   1755.0   0.18006   0.00051
   1760.0   0.18036   0.00093
   1765.0   0.18052   0.00030
   1770.0   0.18099   0.00099
   1775.0   0.18133   0.00059
   1780.0   0.18171   0.00058
   1785.0   0.18225   0.00018
   1790.0   0.18253   0.00096
   1795.0   0.18277   0.00050
   1800.0   0.18314   0.00117
   1805.0   0.18333   0.00076
   1810.0   0.18362   0.00081
   1815.0   0.18400   0.00089
   1820.0   0.18417   0.00068
   1825.0   0.18445   0.00164
   1830.0   0.18508   0.00082
   1835.0   0.18536   0.00011
   1840.0   0.18579   0.00129
   1845.0   0.18629   0.00071
   1850.0   0.18673   0.00169
   1855.0   0.18647   0.00135
   1860.0   0.18661   0.00106
   1865.0   0.18702   0.00107
   1870.0   0.18708   0.00175
   1875.0   0.18688   0.00102
   1880.0   0.18669   0.00036
   1885.0   0.18645   0.00082
   1890.0   0.18507   0.00156
   1895.0   0.18367   0.00089
   1900.0   0.18286   0.00061
   1905.0   0.18351   0.00103
   1910.0   0.18247   0.00172
   1915.0   0.18366   0.00087
   1920.0   0.18487   0.00125
   1925.0   0.18550   0.00078
   1930.0   0.18663   0.00105
   1935.0   0.18663   0.00058
   1940.0   0.18724   0.00125
   1945.0   0.18772   0.00178
   1950.0   0.18792   0.00057
   1955.0   0.18835   0.00103
   1960.0   0.18871   0.00139
   1965.0   0.18944   0.00267
   1970.0   0.18969   0.00127
   1975.0   0.19011   0.00129
   1980.0   0.19057   0.00109
   1985.0   0.19099   0.00158
   1990.0   0.19140   0.00143
   1995.0   0.19183   0.00140
   2000.0   0.19232   0.00180
   2005.0   0.19296   0.00117
   2010.0   0.19336   0.00140
   2015.0   0.19393   0.00184
   2020.0   0.19405   0.00157
   2025.0   0.19430   0.00197
   2030.0   0.19445   0.00263
   2035.0   0.19477   0.00207
   2040.0   0.19501   0.00166
   2045.0   0.19523   0.00243
   2050.0   0.19552   0.00197
   2055.0   0.19580   0.00172
   2060.0   0.19575   0.00237
   2065.0   0.19593   0.00166
   2070.0   0.19633   0.00231
   2075.0   0.19675   0.00214
   2080.0   0.19663   0.00160
   2085.0   0.19673   0.00208
   2090.0   0.19681   0.00252
   2095.0   0.19691   0.00271
   2100.0   0.19705   0.00260
   2105.0   0.19748   0.00192
   2110.0   0.19762   0.00236
   2115.0   0.19767   0.00214
   2120.0   0.19763   0.00225
   2125.0   0.19776   0.00191
   2130.0   0.19748   0.00216
   2135.0   0.19762   0.00217
   2140.0   0.19722   0.00219
   2145.0   0.19723   0.00228
   2150.0   0.19717   0.00456
   2155.0   0.19564   0.00283
   2160.0   0.19498   0.00279
   2165.0   0.19531   0.00262
   2170.0   0.19543   0.00217
   2175.0   0.19516   0.00216
   2180.0   0.19440   0.00166
   2185.0   0.19479   0.00232
   2190.0   0.19438   0.00210
   2195.0   0.19445   0.00221
   2200.0   0.19255   0.00258
   2205.0   0.19143   0.00310
   2210.0   0.19252   0.00269
   2215.0   0.19665   0.00195
   2220.0   0.19788   0.00188
   2225.0   0.19855   0.00198
   2230.0   0.19885   0.00143
   2235.0   0.19974   0.00217
   2240.0   0.19909   0.00186
   2245.0   0.20021   0.00144
   2250.0   0.19993   0.00206
   2255.0   0.19994   0.00138
   2260.0   0.20021   0.00158
   2265.0   0.19999   0.00177
   2270.0   0.19926   0.00222
   2275.0   0.19983   0.00217
   2280.0   0.19965   0.00179
   2285.0   0.19975   0.00122
   2290.0   0.19948   0.00167
   2295.0   0.19943   0.00124
   2300.0   0.19876   0.00144
   2305.0   0.19740   0.00048
   2310.0   0.19716   0.00105
   2315.0   0.19699   0.00171
   2320.0   0.19719   0.00087
   2325.0   0.19742   0.00162
   2330.0   0.19790   0.00182
   2335.0   0.19733   0.00093
   2340.0   0.19797   0.00130
   2345.0   0.19631   0.00075
   2350.0   0.19596   0.00144
   2355.0   0.19625   0.00073
   2360.0   0.19648   0.00046
   2365.0   0.19587   0.00059
   2370.0   0.19606   0.00030
   2375.0   0.19566   0.00135
   2380.0   0.19517   0.00091
   2385.0   0.19565   0.00002
   2390.0   0.19561   0.00018
   2395.0   0.19555   0.00165
   2400.0   0.19564   0.00026
   2405.0   0.19558   0.00098
   2410.0   0.19559   0.00077
   2415.0   0.19516   0.00099
   2420.0   0.19509   0.00053
   2425.0   0.19416   0.00058
   2430.0   0.19344   0.00036
   2435.0   0.19291   0.00032
   2440.0   0.19192   0.00088
   2445.0   0.19155   0.00033
   2450.0   0.19167   0.00024
   2455.0   0.19092   0.00009
   2460.0   0.19051   0.00020
   2465.0   0.19004   0.00060
   2470.0   0.18970   0.00016
   2475.0   0.18946   0.00005
   2480.0   0.18924   0.00070
   2485.0   0.18835   0.00033
   2490.0   0.18766   0.00034
   2495.0   0.18750   0.00012
   2500.0   0.18624   0.00044
   2505.0   0.18609   0.00025
   2510.0   0.18580   0.00020
   2515.0   0.18550   0.00029
   2520.0   0.18510   0.00030
   2525.0   0.18517   0.00019
   2530.0   0.18471   0.00024
   2535.0   0.18476   0.00066
   2540.0   0.18488   0.00071
   2545.0   0.18478   0.00065
   2550.0   0.18556   0.00052

