   461
    300.0   0.04688   0.11148
    305.0   0.04507   0.07212
    310.0   0.04301   0.05159
    315.0   0.04273   0.03857
    320.0   0.04246   0.02967
    325.0   0.04177   0.02316
    330.0   0.04193   0.01856
    335.0   0.04176   0.01503
    340.0   0.04202   0.01234
    345.0   0.04183   0.01008
    350.0   0.04197   0.00828
    355.0   0.04222   0.00685
    360.0   0.04275   0.00566
    365.0   0.04332   0.00466
    370.0   0.04359   0.00398
    375.0   0.04435   0.00349
    380.0   0.04482   0.00317
    385.0   0.04544   0.00309
    390.0   0.04593   0.00337
    395.0   0.04703   0.00589
    400.0   0.04757   0.00276
    405.0   0.04752   0.00441
    410.0   0.04822   0.00362
    415.0   0.04915   0.00308
    420.0   0.04997   0.00270
    425.0   0.05087   0.00244
    430.0   0.05184   0.00216
    435.0   0.05284   0.00196
    440.0   0.05373   0.00183
    445.0   0.05476   0.00170
    450.0   0.05562   0.00158
    455.0   0.05627   0.00152
    460.0   0.05676   0.00145
    465.0   0.05760   0.00143
    470.0   0.05844   0.00131
    475.0   0.05947   0.00129
    480.0   0.06059   0.00119
    485.0   0.06147   0.00120
    490.0   0.06281   0.00115
    495.0   0.06396   0.00114
    500.0   0.06523   0.00116
    505.0   0.06684   0.00110
    510.0   0.06793   0.00112
    515.0   0.06942   0.00118
    520.0   0.07072   0.00111
    525.0   0.07200   0.00107
    530.0   0.07320   0.00107
    535.0   0.07434   0.00113
    540.0   0.07539   0.00103
    545.0   0.07644   0.00103
    550.0   0.07745   0.00110
    555.0   0.07853   0.00102
    560.0   0.07916   0.00101
    565.0   0.08025   0.00109
    570.0   0.08064   0.00102
    575.0   0.08138   0.00111
    580.0   0.08198   0.00114
    585.0   0.08246   0.00100
    590.0   0.08276   0.00108
    595.0   0.08299   0.00107
    600.0   0.08325   0.00110
    605.0   0.08367   0.00106
    610.0   0.08393   0.00104
    615.0   0.08432   0.00113
    620.0   0.08424   0.00111
    625.0   0.08437   0.00107
    630.0   0.08463   0.00103
    635.0   0.08461   0.00107
    640.0   0.08470   0.00108
    645.0   0.08467   0.00119
    650.0   0.08444   0.00114
    655.0   0.08468   0.00112
    660.0   0.08464   0.00127
    665.0   0.08459   0.00120
    670.0   0.08469   0.00118
    675.0   0.08446   0.00127
    680.0   0.08444   0.00120
    685.0   0.08449   0.00124
    690.0   0.08458   0.00130
    695.0   0.08462   0.00129
    700.0   0.08462   0.00129
    705.0   0.08471   0.00126
    710.0   0.08461   0.00142
    715.0   0.08487   0.00152
    720.0   0.08483   0.00300
    725.0   0.08533   0.00302
    730.0   0.08635   0.00666
    735.0   0.08734   0.00640
    740.0   0.08683   0.00630
    745.0   0.08696   0.00681
    750.0   0.08742   0.00639
    755.0   0.08797   0.00699
    760.0   0.08746   0.00722
    765.0   0.08801   0.00696
    770.0   0.08613   0.00708
    775.0   0.08787   0.00702
    780.0   0.08788   0.00786
    785.0   0.08818   0.00788
    790.0   0.08859   0.00805
    795.0   0.08795   0.00905
    800.0   0.08823   0.00854
    805.0   0.08933   0.00887
    810.0   0.09020   0.00886
    815.0   0.09028   0.00891
    820.0   0.09097   0.00863
    825.0   0.08880   0.00866
    830.0   0.08822   0.00835
    835.0   0.08872   0.00803
    840.0   0.08823   0.00826
    845.0   0.08906   0.00769
    850.0   0.08942   0.00731
    855.0   0.08914   0.00684
    860.0   0.08915   0.00656
    865.0   0.09017   0.00656
    870.0   0.08916   0.00599
    875.0   0.09111   0.00548
    880.0   0.09069   0.00534
    885.0   0.08944   0.00488
    890.0   0.09008   0.00471
    895.0   0.09069   0.00456
    900.0   0.09076   0.00431
    905.0   0.09011   0.00394
    910.0   0.09056   0.00373
    915.0   0.09032   0.00360
    920.0   0.09067   0.00391
    925.0   0.09175   0.00339
    930.0   0.09248   0.00351
    935.0   0.09186   0.00332
    940.0   0.09277   0.00315
    945.0   0.09241   0.00316
    950.0   0.09200   0.00286
    955.0   0.09325   0.00288
    960.0   0.09267   0.00256
    965.0   0.09270   0.00262
    970.0   0.09283   0.00248
    975.0   0.09286   0.00246
    980.0   0.09328   0.00236
    985.0   0.09319   0.00250
    990.0   0.09298   0.00234
    995.0   0.09367   0.00225
   1000.0   0.09410   0.00220
   1005.0   0.09446   0.00230
   1010.0   0.09443   0.00211
   1015.0   0.09546   0.00214
   1020.0   0.09523   0.00223
   1025.0   0.09505   0.00227
   1030.0   0.09499   0.00218
   1035.0   0.09540   0.00218
   1040.0   0.09630   0.00214
   1045.0   0.09593   0.00087
   1050.0   0.09610   0.00075
   1055.0   0.09680   0.00153
   1060.0   0.09713   0.00142
   1065.0   0.09701   0.00154
   1070.0   0.09699   0.00151
   1075.0   0.09780   0.00131
   1080.0   0.09745   0.00127
   1085.0   0.09790   0.00144
   1090.0   0.09847   0.00120
   1095.0   0.09842   0.00135
   1100.0   0.09912   0.00123
   1105.0   0.09849   0.00131
   1110.0   0.09823   0.00135
   1115.0   0.09918   0.00114
   1120.0   0.09947   0.00144
   1125.0   0.09984   0.00138
   1130.0   0.09986   0.00129
   1135.0   0.09994   0.00130
   1140.0   0.10037   0.00134
   1145.0   0.10037   0.00141
   1150.0   0.10165   0.00152
   1155.0   0.10169   0.00146
   1160.0   0.10158   0.00147
   1165.0   0.10186   0.00147
   1170.0   0.10182   0.00144
   1175.0   0.10255   0.00162
   1180.0   0.10268   0.00140
   1185.0   0.10305   0.00153
   1190.0   0.10329   0.00142
   1195.0   0.10330   0.00154
   1200.0   0.10334   0.00353
   1205.0   0.10355   0.00084
   1210.0   0.10394   0.00190
   1215.0   0.10423   0.00180
   1220.0   0.10466   0.00181
   1225.0   0.10507   0.00160
   1230.0   0.10526   0.00170
   1235.0   0.10528   0.00151
   1240.0   0.10539   0.00166
   1245.0   0.10580   0.00138
   1250.0   0.10594   0.00152
   1255.0   0.10655   0.00145
   1260.0   0.10710   0.00146
   1265.0   0.10741   0.00147
   1270.0   0.10841   0.00158
   1275.0   0.10870   0.00144
   1280.0   0.10951   0.00132
   1285.0   0.10974   0.00128
   1290.0   0.11117   0.00128
   1295.0   0.11130   0.00148
   1300.0   0.11215   0.00129
   1305.0   0.11182   0.00152
   1310.0   0.11216   0.00147
   1315.0   0.11284   0.00132
   1320.0   0.11328   0.00135
   1325.0   0.11409   0.00146
   1330.0   0.11475   0.00139
   1335.0   0.11536   0.00167
   1340.0   0.11565   0.00148
   1345.0   0.11661   0.00154
   1350.0   0.11675   0.00176
   1355.0   0.11718   0.00166
   1360.0   0.11790   0.00193
   1365.0   0.11899   0.00180
   1370.0   0.11936   0.00184
   1375.0   0.12048   0.00175
   1380.0   0.12024   0.00221
   1385.0   0.12268   0.00180
   1390.0   0.12202   0.00170
   1395.0   0.12265   0.00173
   1400.0   0.12306   0.00181
   1405.0   0.12499   0.00187
   1410.0   0.12638   0.00184
   1415.0   0.12598   0.00178
   1420.0   0.12654   0.00171
   1425.0   0.12758   0.00181
   1430.0   0.12815   0.00176
   1435.0   0.12943   0.00174
   1440.0   0.13054   0.00178
   1445.0   0.13039   0.00183
   1450.0   0.13199   0.00194
   1455.0   0.13268   0.00181
   1460.0   0.13325   0.00194
   1465.0   0.13414   0.00172
   1470.0   0.13431   0.00184
   1475.0   0.13586   0.00190
   1480.0   0.13597   0.00207
   1485.0   0.13630   0.00179
   1490.0   0.13743   0.00194
   1495.0   0.13738   0.00168
   1500.0   0.13813   0.00182
   1505.0   0.13875   0.00211
   1510.0   0.13875   0.00192
   1515.0   0.13951   0.00185
   1520.0   0.14057   0.00194
   1525.0   0.14153   0.00205
   1530.0   0.14232   0.00212
   1535.0   0.14297   0.00195
   1540.0   0.14443   0.00218
   1545.0   0.14462   0.00209
   1550.0   0.14533   0.00207
   1555.0   0.14654   0.00212
   1560.0   0.14715   0.00219
   1565.0   0.14767   0.00212
   1570.0   0.14795   0.00207
   1575.0   0.14874   0.00210
   1580.0   0.14929   0.00212
   1585.0   0.14984   0.00233
   1590.0   0.15087   0.00236
   1595.0   0.15102   0.00211
   1600.0   0.15151   0.00212
   1605.0   0.15231   0.00212
   1610.0   0.15271   0.00219
   1615.0   0.15308   0.00198
   1620.0   0.15446   0.00228
   1625.0   0.15479   0.00256
   1630.0   0.15541   0.00229
   1635.0   0.15641   0.00213
   1640.0   0.15649   0.00224
   1645.0   0.15746   0.00220
   1650.0   0.15803   0.00231
   1655.0   0.15920   0.00250
   1660.0   0.16004   0.00058
   1665.0   0.16107   0.00077
   1670.0   0.16230   0.00164
   1675.0   0.16312   0.00168
   1680.0   0.16351   0.00146
   1685.0   0.16421   0.00143
   1690.0   0.16463   0.00132
   1695.0   0.16566   0.00142
   1700.0   0.16573   0.00156
   1705.0   0.16688   0.00148
   1710.0   0.16744   0.00153
   1715.0   0.16824   0.00154
   1720.0   0.16903   0.00156
   1725.0   0.16860   0.00179
   1730.0   0.16972   0.00164
   1735.0   0.17036   0.00148
   1740.0   0.17073   0.00168
   1745.0   0.17102   0.00162
   1750.0   0.17190   0.00148
   1755.0   0.17218   0.00162
   1760.0   0.17271   0.00149
   1765.0   0.17393   0.00166
   1770.0   0.17384   0.00130
   1775.0   0.17445   0.00174
   1780.0   0.17475   0.00134
   1785.0   0.17592   0.00159
   1790.0   0.17545   0.00146
   1795.0   0.17652   0.00137
   1800.0   0.17609   0.00153
   1805.0   0.17689   0.00126
   1810.0   0.17651   0.00160
   1815.0   0.17686   0.00188
   1820.0   0.17725   0.00140
   1825.0   0.17805   0.00161
   1830.0   0.17861   0.00164
   1835.0   0.17924   0.00185
   1840.0   0.18051   0.00159
   1845.0   0.18144   0.00192
   1850.0   0.18170   0.00160
   1855.0   0.18201   0.00206
   1860.0   0.18275   0.00170
   1865.0   0.18298   0.00145
   1870.0   0.18198   0.00152
   1875.0   0.18456   0.00217
   1880.0   0.18493   0.00128
   1885.0   0.18501   0.00123
   1890.0   0.18538   0.00166
   1895.0   0.18594   0.00140
   1900.0   0.18521   0.00173
   1905.0   0.18530   0.00147
   1910.0   0.18601   0.00144
   1915.0   0.18614   0.00202
   1920.0   0.18635   0.00153
   1925.0   0.18723   0.00182
   1930.0   0.18681   0.00146
   1935.0   0.18740   0.00157
   1940.0   0.18822   0.00166
   1945.0   0.18890   0.00171
   1950.0   0.18929   0.00165
   1955.0   0.18933   0.00165
   1960.0   0.18909   0.00200
   1965.0   0.18972   0.00206
   1970.0   0.19004   0.00189
   1975.0   0.19105   0.00176
   1980.0   0.19137   0.00206
   1985.0   0.19251   0.00208
   1990.0   0.19153   0.00150
   1995.0   0.19200   0.00185
   2000.0   0.19295   0.00194
   2005.0   0.19263   0.00214
   2010.0   0.19319   0.00215
   2015.0   0.19314   0.00208
   2020.0   0.19403   0.00230
   2025.0   0.19469   0.00227
   2030.0   0.19410   0.00197
   2035.0   0.19601   0.00198
   2040.0   0.19607   0.00238
   2045.0   0.19631   0.00202
   2050.0   0.19655   0.00213
   2055.0   0.19745   0.00197
   2060.0   0.19772   0.00235
   2065.0   0.19777   0.00211
   2070.0   0.19794   0.00242
   2075.0   0.19919   0.00219
   2080.0   0.19959   0.00278
   2085.0   0.19916   0.00221
   2090.0   0.19858   0.00228
   2095.0   0.19917   0.00276
   2100.0   0.19885   0.00255
   2105.0   0.19941   0.00221
   2110.0   0.20006   0.00238
   2115.0   0.20052   0.00238
   2120.0   0.20100   0.00244
   2125.0   0.20102   0.00223
   2130.0   0.20178   0.00183
   2135.0   0.20309   0.00231
   2140.0   0.20179   0.00198
   2145.0   0.20264   0.00284
   2150.0   0.20326   0.00230
   2155.0   0.20245   0.00186
   2160.0   0.20310   0.00356
   2165.0   0.20267   0.00219
   2170.0   0.20293   0.00262
   2175.0   0.20268   0.00297
   2180.0   0.20345   0.00336
   2185.0   0.20338   0.00291
   2190.0   0.20361   0.00357
   2195.0   0.20335   0.00297
   2200.0   0.20393   0.00319
   2205.0   0.20403   0.00305
   2210.0   0.20408   0.00307
   2215.0   0.20446   0.00320
   2220.0   0.20415   0.00281
   2225.0   0.20439   0.00331
   2230.0   0.20374   0.00281
   2235.0   0.20440   0.00268
   2240.0   0.20510   0.00299
   2245.0   0.20465   0.00255
   2250.0   0.20561   0.00286
   2255.0   0.20468   0.00255
   2260.0   0.20505   0.00301
   2265.0   0.20452   0.00275
   2270.0   0.20449   0.00273
   2275.0   0.20466   0.00264
   2280.0   0.20413   0.00262
   2285.0   0.20320   0.00312
   2290.0   0.20335   0.00288
   2295.0   0.20260   0.00306
   2300.0   0.20265   0.00276
   2305.0   0.20207   0.00306
   2310.0   0.20119   0.00262
   2315.0   0.19829   0.00312
   2320.0   0.19794   0.00246
   2325.0   0.19626   0.00308
   2330.0   0.19574   0.00287
   2335.0   0.19701   0.00288
   2340.0   0.19749   0.00288
   2345.0   0.19859   0.00334
   2350.0   0.19790   0.00281
   2355.0   0.19826   0.00314
   2360.0   0.19729   0.00364
   2365.0   0.19581   0.00352
   2370.0   0.19517   0.00291
   2375.0   0.19526   0.00328
   2380.0   0.19533   0.00254
   2385.0   0.19584   0.00365
   2390.0   0.19546   0.00288
   2395.0   0.19632   0.00287
   2400.0   0.19708   0.00327
   2405.0   0.19715   0.00349
   2410.0   0.19810   0.00365
   2415.0   0.19676   0.00326
   2420.0   0.19886   0.00336
   2425.0   0.19853   0.00334
   2430.0   0.19988   0.00333
   2435.0   0.19886   0.00343
   2440.0   0.20020   0.00358
   2445.0   0.19931   0.00334
   2450.0   0.19997   0.00352
   2455.0   0.19940   0.00399
   2460.0   0.19871   0.00338
   2465.0   0.19977   0.00375
   2470.0   0.19868   0.00318
   2475.0   0.19987   0.00180
   2480.0   0.20035   0.00164
   2485.0   0.20015   0.00359
   2490.0   0.19915   0.00375
   2495.0   0.19928   0.00327
   2500.0   0.19854   0.00371
   2505.0   0.19795   0.00348
   2510.0   0.19779   0.00348
   2515.0   0.19680   0.00396
   2520.0   0.19662   0.00393
   2525.0   0.19626   0.00392
   2530.0   0.19530   0.00392
   2535.0   0.19480   0.00461
   2540.0   0.19582   0.00460
   2545.0   0.19366   0.00479
   2550.0   0.19484   0.00495
   2555.0   0.19744   0.00471
   2560.0   0.19279   0.00671
   2565.0   0.19508   0.00551
   2570.0   0.19426   0.00649
   2575.0   0.19329   0.00625
   2580.0   0.19515   0.00771
   2585.0   0.19395   0.00776
   2590.0   0.19707   0.00855
   2595.0   0.19272   0.00778
   2600.0   0.19706   0.00159


