   461
    300.0   0.04167   0.11153
    305.0   0.04290   0.07204
    310.0   0.04167   0.05153
    315.0   0.03994   0.03856
    320.0   0.03873   0.02969
    325.0   0.03867   0.02332
    330.0   0.03778   0.01864
    335.0   0.03715   0.01507
    340.0   0.03667   0.01237
    345.0   0.03633   0.01010
    350.0   0.03589   0.00824
    355.0   0.03574   0.00680
    360.0   0.03580   0.00566
    365.0   0.03602   0.00472
    370.0   0.03596   0.00396
    375.0   0.03601   0.00346
    380.0   0.03625   0.00318
    385.0   0.03630   0.00315
    390.0   0.03649   0.00337
    395.0   0.03706   0.00583
    400.0   0.03710   0.00415
    405.0   0.03661   0.00439
    410.0   0.03690   0.00361
    415.0   0.03716   0.00309
    420.0   0.03771   0.00269
    425.0   0.03828   0.00241
    430.0   0.03897   0.00215
    435.0   0.03964   0.00197
    440.0   0.04041   0.00180
    445.0   0.04113   0.00167
    450.0   0.04159   0.00158
    455.0   0.04219   0.00148
    460.0   0.04247   0.00143
    465.0   0.04304   0.00135
    470.0   0.04363   0.00127
    475.0   0.04439   0.00123
    480.0   0.04534   0.00118
    485.0   0.04601   0.00115
    490.0   0.04712   0.00113
    495.0   0.04810   0.00107
    500.0   0.04903   0.00106
    505.0   0.05055   0.00105
    510.0   0.05141   0.00102
    515.0   0.05291   0.00102
    520.0   0.05427   0.00095
    525.0   0.05556   0.00093
    530.0   0.05676   0.00092
    535.0   0.05797   0.00095
    540.0   0.05930   0.00095
    545.0   0.06050   0.00091
    550.0   0.06157   0.00097
    555.0   0.06286   0.00094
    560.0   0.06354   0.00089
    565.0   0.06459   0.00089
    570.0   0.06483   0.00090
    575.0   0.06548   0.00095
    580.0   0.06586   0.00094
    585.0   0.06612   0.00089
    590.0   0.06617   0.00090
    595.0   0.06594   0.00091
    600.0   0.06573   0.00090
    605.0   0.06555   0.00090
    610.0   0.06532   0.00086
    615.0   0.06516   0.00085
    620.0   0.06460   0.00090
    625.0   0.06438   0.00087
    630.0   0.06395   0.00087
    635.0   0.06355   0.00087
    640.0   0.06322   0.00088
    645.0   0.06284   0.00088
    650.0   0.06223   0.00091
    655.0   0.06206   0.00097
    660.0   0.06165   0.00098
    665.0   0.06138   0.00098
    670.0   0.06104   0.00100
    675.0   0.06070   0.00099
    680.0   0.06035   0.00104
    685.0   0.06014   0.00107
    690.0   0.06002   0.00108
    695.0   0.05989   0.00111
    700.0   0.05974   0.00113
    705.0   0.05979   0.00118
    710.0   0.05947   0.00120
    715.0   0.05958   0.00128
    720.0   0.05974   0.00396
    725.0   0.05973   0.00449
    730.0   0.05957   0.00619
    735.0   0.05986   0.00688
    740.0   0.06122   0.00647
    745.0   0.05997   0.00669
    750.0   0.06027   0.00683
    755.0   0.06115   0.00673
    760.0   0.06029   0.00664
    765.0   0.05971   0.00677
    770.0   0.06054   0.00714
    775.0   0.06166   0.00771
    780.0   0.06108   0.00763
    785.0   0.06092   0.00782
    790.0   0.06148   0.00768
    795.0   0.06104   0.00830
    800.0   0.06281   0.00849
    805.0   0.06170   0.00875
    810.0   0.06235   0.00833
    815.0   0.06300   0.00849
    820.0   0.06311   0.00855
    825.0   0.05949   0.00870
    830.0   0.06025   0.00846
    835.0   0.06042   0.00884
    840.0   0.06045   0.00830
    845.0   0.06003   0.00779
    850.0   0.06112   0.00736
    855.0   0.06141   0.00694
    860.0   0.06121   0.00700
    865.0   0.06127   0.00647
    870.0   0.06152   0.00600
    875.0   0.06171   0.00574
    880.0   0.06122   0.00535
    885.0   0.06100   0.00480
    890.0   0.06111   0.00472
    895.0   0.06152   0.00447
    900.0   0.06205   0.00429
    905.0   0.06183   0.00428
    910.0   0.06087   0.00375
    915.0   0.06230   0.00347
    920.0   0.06155   0.00366
    925.0   0.06279   0.00358
    930.0   0.06265   0.00339
    935.0   0.06334   0.00328
    940.0   0.06336   0.00322
    945.0   0.06258   0.00293
    950.0   0.06356   0.00295
    955.0   0.06304   0.00288
    960.0   0.06368   0.00263
    965.0   0.06394   0.00276
    970.0   0.06418   0.00259
    975.0   0.06440   0.00256
    980.0   0.06408   0.00243
    985.0   0.06520   0.00235
    990.0   0.06527   0.00231
    995.0   0.06559   0.00224
   1000.0   0.06560   0.00220
   1005.0   0.06604   0.00222
   1010.0   0.06680   0.00243
   1015.0   0.06710   0.00228
   1020.0   0.06771   0.00236
   1025.0   0.06716   0.00215
   1030.0   0.06793   0.00218
   1035.0   0.06848   0.00203
   1040.0   0.06900   0.00213
   1045.0   0.06943   0.00189
   1050.0   0.06984   0.00119
   1055.0   0.07022   0.00168
   1060.0   0.07083   0.00154
   1065.0   0.07085   0.00156
   1070.0   0.07144   0.00144
   1075.0   0.07157   0.00142
   1080.0   0.07182   0.00135
   1085.0   0.07233   0.00135
   1090.0   0.07262   0.00144
   1095.0   0.07217   0.00136
   1100.0   0.07356   0.00133
   1105.0   0.07416   0.00137
   1110.0   0.07381   0.00127
   1115.0   0.07465   0.00136
   1120.0   0.07537   0.00129
   1125.0   0.07528   0.00135
   1130.0   0.07566   0.00139
   1135.0   0.07624   0.00142
   1140.0   0.07674   0.00141
   1145.0   0.07731   0.00149
   1150.0   0.07847   0.00154
   1155.0   0.07906   0.00152
   1160.0   0.07934   0.00147
   1165.0   0.07983   0.00146
   1170.0   0.08027   0.00157
   1175.0   0.08051   0.00162
   1180.0   0.08090   0.00160
   1185.0   0.08155   0.00167
   1190.0   0.08270   0.00163
   1195.0   0.08299   0.00149
   1200.0   0.08360   0.00378
   1205.0   0.08419   0.00129
   1210.0   0.08476   0.00177
   1215.0   0.08487   0.00183
   1220.0   0.08583   0.00175
   1225.0   0.08659   0.00181
   1230.0   0.08718   0.00161
   1235.0   0.08786   0.00168
   1240.0   0.08866   0.00156
   1245.0   0.08983   0.00161
   1250.0   0.09011   0.00161
   1255.0   0.09073   0.00149
   1260.0   0.09160   0.00138
   1265.0   0.09244   0.00150
   1270.0   0.09328   0.00155
   1275.0   0.09435   0.00146
   1280.0   0.09527   0.00145
   1285.0   0.09621   0.00140
   1290.0   0.09761   0.00139
   1295.0   0.09817   0.00134
   1300.0   0.09932   0.00136
   1305.0   0.09999   0.00157
   1310.0   0.10036   0.00150
   1315.0   0.10139   0.00160
   1320.0   0.10288   0.00141
   1325.0   0.10391   0.00160
   1330.0   0.10512   0.00158
   1335.0   0.10661   0.00160
   1340.0   0.10793   0.00161
   1345.0   0.10884   0.00170
   1350.0   0.11036   0.00169
   1355.0   0.11121   0.00170
   1360.0   0.11200   0.00200
   1365.0   0.11405   0.00184
   1370.0   0.11502   0.00185
   1375.0   0.11651   0.00185
   1380.0   0.11675   0.00221
   1385.0   0.11887   0.00191
   1390.0   0.12104   0.00211
   1395.0   0.12102   0.00189
   1400.0   0.12246   0.00198
   1405.0   0.12583   0.00208
   1410.0   0.12693   0.00192
   1415.0   0.12758   0.00201
   1420.0   0.12917   0.00198
   1425.0   0.13057   0.00205
   1430.0   0.13211   0.00180
   1435.0   0.13373   0.00186
   1440.0   0.13543   0.00190
   1445.0   0.13684   0.00183
   1450.0   0.13879   0.00193
   1455.0   0.13985   0.00203
   1460.0   0.14144   0.00205
   1465.0   0.14288   0.00202
   1470.0   0.14437   0.00201
   1475.0   0.14701   0.00206
   1480.0   0.14828   0.00202
   1485.0   0.14930   0.00197
   1490.0   0.15126   0.00210
   1495.0   0.15209   0.00183
   1500.0   0.15455   0.00233
   1505.0   0.15531   0.00233
   1510.0   0.15639   0.00207
   1515.0   0.15780   0.00213
   1520.0   0.16007   0.00206
   1525.0   0.16167   0.00204
   1530.0   0.16287   0.00208
   1535.0   0.16456   0.00226
   1540.0   0.16685   0.00209
   1545.0   0.16754   0.00212
   1550.0   0.17059   0.00218
   1555.0   0.17132   0.00218
   1560.0   0.17285   0.00244
   1565.0   0.17446   0.00244
   1570.0   0.17692   0.00247
   1575.0   0.17816   0.00229
   1580.0   0.17978   0.00247
   1585.0   0.18101   0.00233
   1590.0   0.18327   0.00247
   1595.0   0.18437   0.00253
   1600.0   0.18669   0.00241
   1605.0   0.18839   0.00255
   1610.0   0.18982   0.00240
   1615.0   0.19086   0.00248
   1620.0   0.19267   0.00253
   1625.0   0.19466   0.00274
   1630.0   0.19527   0.00251
   1635.0   0.19759   0.00221
   1640.0   0.19913   0.00280
   1645.0   0.20092   0.00231
   1650.0   0.20187   0.00241
   1655.0   0.20448   0.00265
   1660.0   0.20593   0.00223
   1665.0   0.20753   0.00142
   1670.0   0.20928   0.00211
   1675.0   0.21112   0.00223
   1680.0   0.21296   0.00212
   1685.0   0.21490   0.00228
   1690.0   0.21686   0.00170
   1695.0   0.21851   0.00167
   1700.0   0.22112   0.00232
   1705.0   0.22264   0.00218
   1710.0   0.22543   0.00181
   1715.0   0.22640   0.00215
   1720.0   0.22928   0.00206
   1725.0   0.23012   0.00181
   1730.0   0.23225   0.00189
   1735.0   0.23393   0.00211
   1740.0   0.23557   0.00198
   1745.0   0.23705   0.00210
   1750.0   0.23906   0.00196
   1755.0   0.24135   0.00210
   1760.0   0.24259   0.00206
   1765.0   0.24501   0.00187
   1770.0   0.24644   0.00192
   1775.0   0.24836   0.00183
   1780.0   0.25055   0.00183
   1785.0   0.25251   0.00189
   1790.0   0.25391   0.00166
   1795.0   0.25609   0.00220
   1800.0   0.25794   0.00218
   1805.0   0.25970   0.00242
   1810.0   0.26096   0.00191
   1815.0   0.26347   0.00227
   1820.0   0.26468   0.00226
   1825.0   0.26735   0.00220
   1830.0   0.26928   0.00220
   1835.0   0.27098   0.00159
   1840.0   0.27351   0.00251
   1845.0   0.27585   0.00206
   1850.0   0.27778   0.00188
   1855.0   0.27891   0.00264
   1860.0   0.28199   0.00230
   1865.0   0.28290   0.00228
   1870.0   0.28426   0.00217
   1875.0   0.28969   0.00250
   1880.0   0.29150   0.00235
   1885.0   0.29149   0.00232
   1890.0   0.29296   0.00207
   1895.0   0.29502   0.00240
   1900.0   0.29549   0.00254
   1905.0   0.29789   0.00226
   1910.0   0.29982   0.00226
   1915.0   0.30073   0.00216
   1920.0   0.30254   0.00204
   1925.0   0.30494   0.00246
   1930.0   0.30613   0.00214
   1935.0   0.30712   0.00220
   1940.0   0.30928   0.00236
   1945.0   0.31144   0.00248
   1950.0   0.31182   0.00258
   1955.0   0.31381   0.00237
   1960.0   0.31514   0.00267
   1965.0   0.31644   0.00228
   1970.0   0.31819   0.00201
   1975.0   0.31951   0.00237
   1980.0   0.32099   0.00266
   1985.0   0.32341   0.00258
   1990.0   0.32454   0.00279
   1995.0   0.32629   0.00261
   2000.0   0.32844   0.00269
   2005.0   0.33035   0.00292
   2010.0   0.33290   0.00273
   2015.0   0.33390   0.00255
   2020.0   0.33710   0.00264
   2025.0   0.33809   0.00270
   2030.0   0.34102   0.00237
   2035.0   0.34307   0.00252
   2040.0   0.34554   0.00240
   2045.0   0.34787   0.00267
   2050.0   0.35030   0.00266
   2055.0   0.35195   0.00230
   2060.0   0.35467   0.00221
   2065.0   0.35725   0.00239
   2070.0   0.35968   0.00222
   2075.0   0.36134   0.00291
   2080.0   0.36346   0.00245
   2085.0   0.36612   0.00256
   2090.0   0.36735   0.00190
   2095.0   0.36886   0.00225
   2100.0   0.37088   0.00248
   2105.0   0.37231   0.00241
   2110.0   0.37361   0.00246
   2115.0   0.37625   0.00260
   2120.0   0.37737   0.00258
   2125.0   0.37911   0.00286
   2130.0   0.38031   0.00251
   2135.0   0.38227   0.00282
   2140.0   0.38423   0.00277
   2145.0   0.38577   0.00262
   2150.0   0.38643   0.00306
   2155.0   0.38763   0.00225
   2160.0   0.38900   0.00300
   2165.0   0.39053   0.00290
   2170.0   0.39060   0.00218
   2175.0   0.39225   0.00259
   2180.0   0.39321   0.00280
   2185.0   0.39455   0.00234
   2190.0   0.39614   0.00256
   2195.0   0.39836   0.00270
   2200.0   0.39906   0.00251
   2205.0   0.40053   0.00265
   2210.0   0.40280   0.00254
   2215.0   0.40298   0.00261
   2220.0   0.40405   0.00256
   2225.0   0.40561   0.00254
   2230.0   0.40612   0.00268
   2235.0   0.40691   0.00291
   2240.0   0.40791   0.00237
   2245.0   0.40789   0.00235
   2250.0   0.40951   0.00292
   2255.0   0.40928   0.00256
   2260.0   0.40968   0.00274
   2265.0   0.41082   0.00271
   2270.0   0.41050   0.00298
   2275.0   0.41104   0.00254
   2280.0   0.41024   0.00291
   2285.0   0.40985   0.00272
   2290.0   0.40755   0.00267
   2295.0   0.40602   0.00346
   2300.0   0.40253   0.00265
   2305.0   0.39805   0.00272
   2310.0   0.39240   0.00267
   2315.0   0.38794   0.00271
   2320.0   0.38396   0.00277
   2325.0   0.38172   0.00224
   2330.0   0.38162   0.00239
   2335.0   0.38269   0.00253
   2340.0   0.38500   0.00288
   2345.0   0.38526   0.00250
   2350.0   0.38471   0.00258
   2355.0   0.38508   0.00277
   2360.0   0.38443   0.00276
   2365.0   0.38428   0.00291
   2370.0   0.38286   0.00284
   2375.0   0.37802   0.00323
   2380.0   0.37385   0.00262
   2385.0   0.37109   0.00293
   2390.0   0.37356   0.00311
   2395.0   0.37920   0.00372
   2400.0   0.38264   0.00294
   2405.0   0.38687   0.00350
   2410.0   0.38937   0.00312
   2415.0   0.39002   0.00326
   2420.0   0.39232   0.00286
   2425.0   0.39331   0.00295
   2430.0   0.39553   0.00316
   2435.0   0.39677   0.00291
   2440.0   0.40034   0.00412
   2445.0   0.40000   0.00283
   2450.0   0.40197   0.00376
   2455.0   0.40241   0.00360
   2460.0   0.40388   0.00351
   2465.0   0.40361   0.00384
   2470.0   0.40401   0.00302
   2475.0   0.40336   0.00170
   2480.0   0.40283   0.00238
   2485.0   0.40243   0.00286
   2490.0   0.39992   0.00331
   2495.0   0.39908   0.00320
   2500.0   0.39813   0.00353
   2505.0   0.39738   0.00368
   2510.0   0.39737   0.00391
   2515.0   0.39573   0.00329
   2520.0   0.39632   0.00429
   2525.0   0.39581   0.00355
   2530.0   0.39447   0.00468
   2535.0   0.39620   0.00433
   2540.0   0.39875   0.00495
   2545.0   0.39615   0.00490
   2550.0   0.39773   0.00483
   2555.0   0.40401   0.00476
   2560.0   0.39071   0.00792
   2565.0   0.40090   0.00615
   2570.0   0.39786   0.00631
   2575.0   0.39614   0.00638
   2580.0   0.39911   0.00779
   2585.0   0.39097   0.00820
   2590.0   0.39893   0.00915
   2595.0   0.39035   0.00786
   2600.0   0.40212   0.00189

